,cor_s,cor_a,err_s,err_a
0,0.6612616853966846,0.7185229456884007,0.729340462931671,0.7955632340892089
1,0.6680903738985946,0.7542564173198056,0.7400987706325952,0.8042885562626879
2,0.596164892822511,0.5813617383316041,0.6409123657386343,0.64372853045045
3,0.8072197971663975,0.8175980989775505,0.856096943173971,0.8146412999194017
4,0.5953478464285982,0.5624182720527615,0.6280809462089701,0.6176214428122234
5,0.7516529831334259,0.7690294226427326,0.8674036760974463,0.8149740393046915
6,0.7990440626520794,0.784556741016645,0.816058692100666,0.8192333515215519
7,0.7943282824919267,0.7486658731517455,0.8138414204136081,0.8322992505632608
8,0.7602056124353984,0.7613200536968965,0.7321791745665064,0.7760206556457571
9,0.7540015870486697,0.7619624046919049,0.8213199203476195,0.8030736679321124
10,0.6248487407382575,0.5955032007674762,0.6876051515913114,0.701954832850865
11,0.6514407763385007,0.6331855148735314,0.7044858208019973,0.7738962423836566
12,0.5703708557845723,0.6210681683363907,0.6335977834588777,0.6656565201822481
13,0.7137275071131336,0.6566117136524736,0.7959946962000983,0.8054393275714744
14,0.776138832167739,0.8000819230122689,0.7885434185854826,0.8390790408480029
15,0.6169713368464764,0.587899392810531,0.6957594521056591,0.7286144567955274
16,0.6531174506722974,0.5852815291413611,0.7271843716635811,0.6675005976814178
17,0.5680471569690294,0.5348500573387484,0.7020172608655331,0.7191858180325195
18,0.805610084457058,0.7981417280428437,0.6933683721339107,0.7769149852269602
19,0.5978220638083349,0.5810673550561103,0.6525450036262389,0.6648182430008022
20,0.7069340759394086,0.6277389805461414,0.6838202338419254,0.685354032165299
21,0.5780401870853952,0.5411372061550128,0.6637381893145401,0.6733983600892504
22,0.8242765466112192,0.6739820138102274,0.7357979603379864,0.7234442001562067
23,0.6189673778162349,0.5362881217745379,0.6879351565379037,0.665265047100948
24,0.7582473240727425,0.5035365578797838,0.8309328421249337,0.6370906818814123
25,0.7136796460515837,0.5908703820634066,0.7576550365034485,0.7099435999124891
26,0.6759529920749937,0.67419434206999,0.7264942089706028,0.7707627335625163
27,0.6889116215727685,0.7057435494330172,0.6797190870281712,0.7428963154771869
28,0.632638748910357,0.5760454693070076,0.7259374770983569,0.6926707875915942
29,0.5935674703614561,0.58631007763991,0.5970112892070475,0.6109817081752265
30,0.6905829253505446,0.6339259450330833,0.7036125065206985,0.689894161105918
31,0.6733053211714859,0.6091436249020021,0.7221521680089443,0.696336512569604
32,0.5841076496765678,0.561817225806961,0.5982060208333507,0.6008252824927466
33,0.6775510603665593,0.46649034824569185,0.6818801845577069,0.6146033466059078
