,cor_s,cor_a,err_s,err_a
0,0.730164087815715,0.7360109752550191,0.8250913851798005,0.7611015429187066
1,0.7602021200651575,0.7073567834844628,0.7960917515960347,0.7311837587966664
2,0.7720278819725372,0.7568295379771338,0.9653447228337472,0.6833864865612951
3,0.8084482038232997,0.6436352310047821,0.8350863120432783,0.7146609958254366
4,0.7067983634163463,0.7455517836580046,0.773775590211726,0.6928740943454865
5,0.8044208218418022,0.7567945598345761,0.8823485506486666,0.8006829218304117
6,0.7240858837341976,0.7803951830547708,0.7591818026773602,0.8306707337521442
7,0.7670427967299289,0.8184196520979954,0.8038446379132411,0.7443198512615832
8,0.7973940209917909,0.7684993544261906,0.8161726879421662,0.7671640134365312
9,0.6732703172564316,0.7149325185958867,0.7669171761018507,0.7724557180848918
10,0.6350553469571758,0.6727158189316134,0.8810969991171119,0.7163903140156467
11,0.8032392000754076,0.7364228694903034,0.7991011041530067,0.7581488577175868
12,0.6819432730156356,0.7395259382275141,0.8460694381982745,0.7508506175351385
13,0.7399969912396379,0.6976354556048551,0.8171248348575014,0.6569300791385945
14,0.6687626267251838,0.6676529849950718,0.8302641935887788,0.746664169008389
15,0.7423133717342458,0.7434505820777881,0.8379907522631506,1.0065290919662007
16,0.7463136112158176,0.7947360006376349,0.7515468259738722,0.8822322448253503
17,0.7866899613333799,0.7748227019763669,0.9368589193214872,0.7278262122606177
18,0.7736852397066,0.7272669906705015,0.7115060448401547,0.5077583945616861
19,0.6886415142135625,0.7363886658767889,0.7513247985184588,0.7718171808672946
