,cor_s,cor_a,err_s,err_a
0,0.6249266862170089,0.6344340316961876,0.7596899224806202,0.6978880094806789
1,0.5311204988935827,0.559024754322677,0.8080735149327207,0.6654792001838659
2,0.42377510040160643,0.5799687010954616,0.5144338807260155,0.6696774193548386
3,0.42198233562316,0.412620851842174,0.32086412734508246,0.6220443555110888
4,0.4663275323516287,0.4646761002206932,0.5825258282864267,0.4761450063842781
5,0.7370928829915563,0.7686698917759711,0.6535362073823612,0.690107880782593
6,0.5773626373626375,0.6049282595134124,0.6220064724919093,0.645468509984639
7,0.7757070004636069,0.5967095549462139,0.7103993344425957,0.6421356421356421
8,0.5651533742331288,0.2818286371477861,0.55421888053467,0.40057595392368617
9,0.3487160401935244,0.37913561847988075,0.311148791860958,0.3176638176638177
10,0.7833045480713874,0.6534630120837017,0.7625806451612902,0.6818017584005781
11,0.8156228956228957,0.620649854218642,0.7350798722044728,0.5588140355072031
12,0.6935658448586891,0.6067716535433072,0.7135928525845564,0.4855096141761971
13,0.6671953857245855,0.38081481104725085,0.5850413749204328,0.46892279336473475
14,0.6194968553459119,0.47652393696104667,0.19574977551631248,0.4100534487146857
15,0.6423327412670219,0.5334541688244433,0.7867892407218249,0.5955679862306369
16,0.3996679579413393,0.744644140905823,0.43353021353930027,0.5738929088277859
17,0.5702463054187193,0.3385560215698023,0.44433399602385687,0.5874059821584747
18,0.7388665774207942,0.5491507977354606,0.5877756286266925,0.7170783452038187
19,0.6461415646620543,0.6148197503156123,0.7231054583995761,0.8033355651591698
20,0.5225339366515838,0.5899029982363316,0.4153910497699707,0.6314947368421052
21,0.5243490178163545,0.6699695121951219,0.48445772843723306,0.5138312586445367
22,0.6727895819054146,0.4664486830154406,0.7326020719073735,0.3987649556155924
23,0.6390376604607668,0.47338079122418014,0.5694440259153232,0.7004279219042525
24,0.7020237264480113,0.5673782521681121,0.7341719077568134,0.7696534234995774
25,0.6474609375,0.02665564434646826,0.6395721925133689,0.7266666666666666
26,0.5436797121007648,0.5396499027507641,0.5492115280043502,0.6171368861024034
27,0.24785250366645717,0.6667402733964248,0.19177914110429453,0.6217968925917586
28,0.5891008174386921,0.5106746310611384,0.5656177889658065,0.5671663513316838
29,0.6531848242255482,0.7600891861761429,0.6166048709560161,0.796607044071547
30,0.5781294964028778,0.5735382760699216,0.4339483394833948,0.7223781576932891
31,0.34871508379888266,0.31359976789729466,0.24619718309859157,0.29100388468615823
32,0.4476861167002012,0.4872366790582404,0.7103942652329749,0.3923421740754576
33,0.4417549167927382,0.6663101604278076,0.6563758389261746,0.6428571428571429
34,0.5695135963232479,0.6416739319965127,0.5297855440826054,0.5393663441472206
35,0.34597053726169846,0.4491154906840653,0.7717851200380319,0.4289527063093839
36,0.7140514838498115,0.7108872278193046,0.5176352705410823,0.7685741998060136
37,0.15964821520951888,0.21871814974519796,0.2778195488721804,0.26664723032069976
