,cor_s,cor_a,err_s,err_a
0,0.5586973493581298,0.18903964797490394,0.5873308002126244,0.18595281472470207
1,0.34370516063387846,0.2501589620944494,0.24456274752045454,0.20103044604806714
2,0.4693928601955659,0.48429199322129535,0.4343978958347181,0.5568634433846761
3,0.23264621150773454,0.35276179636697935,0.24605340575772466,0.44990357448790985
4,0.30133590682706024,0.2531794069823315,0.284578680252765,0.1999211377114351
5,0.7511150170734253,0.30567662010988883,0.7242360774978057,0.3047072697065555
6,0.6957332915380031,0.5932886254469953,0.7124089884462967,0.6129837361925341
7,0.7917017839320679,0.6029948829886653,0.7441505499861452,0.5172731416610994
8,0.4562563048331556,0.23230116300642545,0.6150325785731012,0.57274538334976
9,0.21876145199233296,0.1677994928169391,0.28951991473504407,0.20520651055187153
10,0.8086167304422469,0.542541134284722,0.7896104533765645,0.6027893822805442
11,0.7607306008651343,0.1761610008417921,0.7176490095733167,0.19791861104126754
12,0.702627286672977,0.602718465125856,0.7705345330726754,0.4736476746112911
13,0.44237042852456354,0.18360379537360885,0.380815508219913,0.19601067510059367
14,0.31271109758855226,0.24007229928175106,0.27848804647609765,0.22802830725445133
15,0.7007585590652665,0.44000086945406763,0.8179461817764015,0.4899577432290058
16,0.5361560489634449,0.6709605048033305,0.48037168680462433,0.5710648398755834
17,0.5768516067426711,0.33642433781403314,0.6024600454805111,0.40731338776538945
18,0.6662605255196522,0.5221726871313157,0.6354512093979775,0.6360501949256451
19,0.6234370846913105,0.19301653536389773,0.6591947733034343,0.14126124825185263
20,0.5076509856906983,0.6502561952498273,0.5054649180649404,0.636401997095354
21,0.5614791508543633,0.6911307548318102,0.5180941719587819,0.6173703776103838
22,0.7341038927128924,0.30894331197067687,0.6646971102699598,0.3008358307018599
23,0.28534810792243237,0.1922712889128943,0.22317321631340378,0.25239873435033955
24,0.7756684272718608,0.6262090535687117,0.8055901494551222,0.7706461411871615
25,0.581180330009411,0.10690107341805734,0.6548482186757767,3.705164821502492
26,0.4757998699551185,0.3426972266668853,0.6172098740072804,0.39456255219295916
27,0.16724951219054573,0.19790707429801518,0.27939469087926033,0.17211145695921357
28,0.4237555217490841,0.1370668584032645,0.28137699220148205,0.1548253344140427
29,0.22597646646381303,0.31723939349174035,0.2483933136839386,0.27633168332117974
30,0.4666130412872599,0.4426143953275782,0.5847000479839312,0.3671142564578826
31,0.2527170795136997,0.2093553260632512,0.39959701425803323,0.14833907189109574
32,0.40336702494439414,0.3631283747810412,0.714076777460875,0.4051193585419806
33,0.5453359516145833,0.6601688461804577,0.5920296414480214,0.6119066173772306
34,0.5226602176998683,0.25935515658704433,0.4968565354895782,0.18757285093266557
35,0.3312218601860547,0.2510934117158482,0.33113327800844344,0.18331489662040376
36,0.6250781558011363,0.738209791972781,0.6686404200754335,0.7671426067530434
37,0.24691607442659488,0.2059706642723279,0.3851173324707641,0.13442822950288688
