,cor_s,cor_a,err_s,err_a
0,0.8389986514040401,0.8239994437010775,0.8549425785068666,0.8804191558884334
1,0.8255052512787917,0.7989687340563666,0.834585311248134,0.841076018013518
2,0.8653182481759876,0.7952871393999342,0.906582767053869,
3,0.8851968187705652,0.8319886431768498,,
4,0.8218680574052609,0.828636160897564,0.7474702913477026,0.8292571546511341
5,0.7792116860705175,0.7685760300738712,0.7584483771608902,0.8182799361667947
6,0.727455461490375,0.7277902024938907,0.6868567485746194,0.6949219908732228
7,0.8602963586204267,0.8136039668565594,0.8987887644431732,0.8128310391565409
8,0.8020241001439506,0.8238805076508443,0.8042057994289302,
9,0.8304873921399297,0.8155005111946214,0.8478364051257353,
10,0.7846627075218179,0.7383988041238145,0.7342562192004779,0.7412993667585305
11,0.7963213088206631,0.7696181243490866,0.8186829003207315,0.7956179086067393
12,0.8209961274900343,0.7688843807719361,0.7875132833092118,0.8375368157286321
13,0.8076297637829516,0.7690915963902863,0.8019728817388311,0.8098601094106018
14,0.7309120238840697,0.7786984949447907,0.7258574212325549,0.7891571822942812
15,0.8211317745662431,0.798429276719591,0.8379871354878762,
