,cor_s,cor_a,err_s,err_a
0,0.761650585095463,0.7734922751156773,0.7900824676020135,0.7271716690487535
1,0.8065000475149672,0.8561235356762513,0.9057054400707651,0.5769046190761847
2,0.5787457572329078,0.7431871118012423,0.41295546558704455,0.7752069834413248
3,0.841626213592233,0.8181923076923077,0.9481294101983757,
4,0.7950526524935425,0.8222449850618865,0.9432579890880749,0.9107193778353856
5,0.7695384003183448,0.7671533992777516,0.7095605082274525,0.7240835464620631
6,0.7531351703189412,0.8433022922636103,0.7188814649839149,
7,0.7350877192982456,0.744896990411089,0.7638984214138641,0.8999105545617173
8,0.7587148039385041,0.7927174189177747,0.6587699739873653,0.8162000187283455
9,0.6618775510204081,0.6501043841336117,0.6873940677966102,0.6957986172664421
10,0.8515717998155755,0.8558371346511233,0.9606153846153846,
11,0.8379194630872483,0.7705645161290323,0.8461449005698337,0.7903382581648523
12,0.855297500552975,0.8357157828547475,0.8743404098662413,0.824435108436471
13,0.7584922797456857,0.7897878112585991,0.7947244711412902,0.9531369150779897
14,0.800661278471712,0.7422360248447205,0.7785686949866055,0.7255463673951565
15,0.8518518518518517,0.8628611556982345,0.8090185676392573,
16,0.6350300066681485,0.7307130095825889,0.6976866456361724,0.7297865206214375
17,0.8238401142041399,0.850093370681606,0.8104229409453974,0.8952142459654981
18,0.7880525164113785,0.8189939288811795,0.8301028277634961,0.7334646099989061
19,0.8144401813742588,0.8140004294610265,0.8039893617021276,0.7845509295627127
20,0.7591207680646792,0.8076669254658386,0.7674418604651164,0.7705925231698428
21,0.7317148874847578,0.7660170940170941,0.65979714153988,0.7233011354007797
22,0.8619445666520018,0.8713101160862354,0.877615800611333,
23,0.8593007375034144,0.8411638445027427,0.8074726609963548,0.8978038815117468
24,0.8491070372560616,0.8542669584245077,0.8254100494662849,0.9996418979409132
25,0.7359627633512984,0.8201589293182768,0.734737457949393,0.9316649104320337
26,0.8174899300402798,0.805415055043142,,0.9440793825799338
27,0.8541025641025639,0.8649627791563275,0.9122786304604488,0.94046061984646
28,0.86392373306573,0.8537137354038763,0.8709966101694914,0.9190217391304348
29,0.8590577305905773,0.8556119693205142,0.905675818373812,0.8983348334833483
30,0.803165530885909,0.8184641932700604,0.8162739322533138,1.0
31,0.8200917652740883,0.8631457030345148,0.839978228330385,0.8581756428918
