,cor_s,cor_a,err_s,err_a
0,0.8328169455914604,0.8099976102720174,0.8102234334673756,0.7802087362642731
1,0.7624618337763437,0.7624423877600134,0.8074401322457755,0.7595355259193699
2,0.8340702857758172,0.7380738402968557,0.8548443688764341,
3,0.8128055062978277,0.7632224403270728,,
4,0.708368639583895,0.7421454842669734,0.798689751949683,0.6804178246070512
5,0.54990794706278,0.6273912918008294,0.6404474442966231,0.6843772859119795
6,0.5096469047452313,0.678055860405943,0.574321372799898,0.5363938476050197
7,0.821849240467444,0.7576578220719549,0.8426424392426387,0.6027966530453993
8,0.7541524620258162,0.7599181798401601,0.8254419752231626,
9,0.7795744125289591,0.7513708338507396,0.824847976202721,
10,0.6040329540064769,0.6545565501293876,0.665935477508962,0.6905675646121229
11,0.6995335178453869,0.6972932812469633,0.7407771370950139,0.7040834264551773
12,0.7008032125817206,0.6704842009239415,0.7899263127072246,0.5932481810293072
13,0.7495843026354113,0.6806440715208472,0.7567482281714195,0.7188856564800373
14,0.6227186166822535,0.7112815330830969,0.6928989517960659,0.7090582152024756
15,0.7603498746697057,0.7106517140462983,0.8303158647209301,
