,cor_s,cor_a,err_s,err_a
0,0.5768488893150416,0.37679401008300734,0.6290066447049003,0.3619657219024564
1,0.4942926745077188,0.3801411833026882,0.3640616403594192,0.3889289601417529
2,0.45360535712775546,0.5127341297341482,0.5181553706885036,0.5756083344860076
3,0.30862172976151614,0.39367143952294287,0.3831920965172141,0.5209209606644714
4,0.4321210094088036,0.4321577961076411,0.4439202483275175,0.3754645909423555
5,0.6430109678357109,0.42434280565488747,0.620421850929058,0.33866632577950434
6,0.5654067607849256,0.5411696293409138,0.5928826069637266,0.5292967127412835
7,0.7656293350168432,0.5513647656500388,0.6800745627529807,0.4116321092684095
8,0.4383380752047804,0.29181073052034184,0.5809029685717825,0.685774336277235
9,0.2753863770398691,0.25761846525562315,0.34135921494963467,0.30039345898946124
10,0.7305714871610546,0.41355552103538923,0.624808202236455,0.4087647352895415
11,0.6905793837410793,0.33714763082662297,0.6547538601032615,0.34932191736536444
12,0.6179690128129213,0.5549151355228469,0.6778340057571495,0.45372896351321756
13,0.5189362270916245,0.3713990229461264,0.45499021771953413,0.3724778725641626
14,0.3583600354026779,0.44403925016430834,0.2769084078199716,0.39672919377195137
15,0.5752523503914244,0.3761360723629375,0.6728812675015838,0.3405873780276973
16,0.3655264815695602,0.6141663835379223,0.3475461713760508,0.47356764648734695
17,0.43310057836240523,0.3320457052334772,0.44188096080177897,0.3659401722640349
18,0.6344993771591166,0.4840243077509782,0.5974924093122223,0.5794490585646932
19,0.5434919304203968,0.4333255217283007,0.5621629303716714,0.3636804942941807
20,0.38805148842445486,0.5657570414450597,0.3307131540399234,0.555959997479588
21,0.5055813554856166,0.5918610125262302,0.47538762424665293,0.5475047352801579
22,0.6529255549653049,0.4058707756140419,0.5813879213553139,0.4140637488997821
23,0.4244344284787417,0.36773599975259125,0.42665580103125533,0.4292630402397931
24,0.6787283738536252,0.5350013762459364,0.6935377643031752,0.6796212290716156
25,0.6212433508870638,0.07125614515655553,0.6582895684420472,2.6132557379932004
26,0.4102201651349083,0.3893402090964979,0.5150970974586636,0.4502135649150798
27,0.23053700803475455,0.4296602292513782,0.3629153140427647,0.34684207648971516
28,0.5598703632877557,0.313726101616148,0.39519524028949166,0.3528739202185717
29,0.4107417675380027,0.47571707007052333,0.39265852455175637,0.49140360811014006
30,0.37807946565621886,0.5376567777376627,0.4878604111568776,0.44053869620916764
31,0.270913978705157,0.3505801844311614,0.4109875997439743,0.24454791875748363
32,0.41794194703337495,0.44027700244160334,0.7678655411583595,0.5011628064212283
33,0.32639421097185134,0.5838006131700667,0.39640757222606343,0.5423602565767727
34,0.5234991132663308,0.45906988845492364,0.5546554257975901,0.37952960111117673
35,0.40497544608556496,0.4413049501608905,0.47027500900318703,0.28669679062573944
36,0.5260488220602756,0.5359533772569464,0.5224701237088798,0.5656670362822445
37,0.282237685011457,0.30713211187051753,0.5419784259280052,0.18053623884963496
