,cor_s,cor_a,err_s,err_a
0,0.8345087062715429,0.8028984789769775,0.8239531335310298,0.77756390290318
1,0.7858512384378075,0.7724012435128907,0.9158225065419267,0.7732522165115507
2,0.8392355377559165,0.7433851215595412,0.9193413252336061,
3,0.8152929554015769,0.7501517601602842,,
4,0.7694356207525911,0.7590164454122262,0.9360462118175299,0.7233076661619456
5,0.6668258655627609,0.6821098706854937,0.7989009995056214,0.8910393459225717
6,0.625351983450103,0.6605470906311108,0.7554947862849947,0.7728826540844503
7,0.8603242085542817,0.7617428944494887,0.9721850012989274,0.6845768923519019
8,0.7790408929512465,0.7666890178022859,0.8934436072725259,
9,0.8099432567475885,0.7613930797317522,0.9210543483609026,0.9147810205338468
10,0.6772262888535193,0.6795830861566982,0.8544864581640107,0.8604932066803616
11,0.7508310018701417,0.7069717194498722,0.8636410981544006,0.7599069475345405
12,0.7214005410832071,0.6676270841553752,0.9067316048665629,0.798286722301378
13,0.7720742706199989,0.6796585621110359,0.8520238166464504,0.6663194424440554
14,0.6814108690829438,0.7090433937101651,0.8251675378689999,0.9650375969116567
15,0.7667871146585603,0.7355020647620624,0.9514098051452988,
