,cor_s,cor_a,err_s,err_a
0,0.6458838421471194,0.7309152486661916,0.6991243771164203,0.74534485289913
1,0.6309971608173789,0.6864757630005215,0.6423590819223246,0.6066432911382853
2,0.723869752143126,0.7156376958221969,0.795634849470336,0.6229969229770574
3,0.8396338246991497,0.6278451290995346,0.8402557397450615,0.6565093348052685
4,0.6567427865992365,0.7345318291368811,0.6987850147548202,0.6306711560923252
5,0.7031036219855052,0.7109282242986252,0.7463946494871745,0.6945280496882288
6,0.6702794682304211,0.6938794376512974,0.6451090704074854,0.7265671790020132
7,0.7082948755688531,0.7794834308555021,0.6763948756832061,0.6046084471859273
8,0.7559149737540924,0.7637842142170285,0.7617401086148311,0.6651067589152906
9,0.6159449364424444,0.6758962891577016,0.6668723649540046,0.5820399523962552
10,0.5760116019483412,0.6143114408580429,0.737890939280926,0.5744507360977709
11,0.7052256539763005,0.7099380880392026,0.6522329628172923,0.6793658277188563
12,0.6159345874607061,0.7316932291543635,0.7585852011524192,0.7000949690215184
13,0.6915297772030022,0.6749044753412587,0.7021864707213835,0.4860646661634412
14,0.6235468610270863,0.6342813900290252,0.7351628697427794,0.6140879688656512
15,0.7003137644663163,0.7168518854920841,0.7508939839347066,0.909580212783909
16,0.7152623150309148,0.774979996956394,0.7100861278852049,0.8149228802789454
17,0.7710753497140821,0.7611034756909114,0.8200807769876248,0.7613718315287075
18,0.7665341655146457,0.7308729906003624,0.6399461815730202,0.481422050449847
19,0.6325392575145324,0.6765819027466873,0.6829740902095874,0.7034411035504083
