,cor_s,cor_a,err_s,err_a
0,0.7178316664932748,0.6924813580799303,0.8294612264130805,0.5937331094780522
1,0.8453636529017384,0.7618189973489413,0.8197018624304411,0.4677219815020689
2,0.7070776263472449,0.7374744819499197,0.8765232565651284,0.7308903282921377
3,0.7365385592173773,0.3900976439266001,0.5555585981145004,0.2861110653363271
4,0.8053254197822111,0.7122825475318121,0.9566767477331923,0.7927236596704058
5,0.8043584411106453,0.7224721946517692,0.7836309348692818,0.5128999616682797
6,0.5903988529108378,0.7744170360693227,0.7295931282655529,0.6269229542361812
7,0.8098522619594447,0.8120671360655872,0.9285470221907843,0.8384783491448237
8,0.7943010206090613,0.7401021391972271,0.8674398462007102,0.46640925541532446
9,0.6623802169273584,0.6325492189439871,0.789809211310745,0.5700742308057216
10,0.7894474224354038,0.6169958651544617,0.7558561355123398,0.40927621423239186
11,0.638481093473508,0.6871275250106693,0.8408717879393627,0.43385894760115656
12,0.7571667001584814,0.6154686259841129,0.7757645463675662,0.38280204279336705
13,0.7174959286074836,0.6905562771465913,0.7048266436706778,0.5375077540683082
14,0.624370523603741,0.5844483146613006,0.8182208350400726,0.6177483825596077
15,0.7755068962138733,0.6457894903478409,0.7542216605232341,0.4061226562327601
16,0.8066041818482778,0.6849337020556987,0.7076528669655318,0.4379356969931895
17,0.8022129458827127,0.7068450252171656,0.7858242500723561,0.6099947610547153
18,0.7421265701993562,0.7293151988867104,0.8562726185509103,0.6024389172645173
19,0.4542744537057479,0.4253174122013622,0.5258320681396994,0.34073340283784936
20,0.783834324460637,0.6764064915924156,0.920671452374202,0.6855230841222149
21,0.7553993284844236,0.7043500116273276,0.8668663122503912,0.7104109550745257
22,0.7308228375327539,0.7010618223806234,0.7461985924807127,0.5699675934563833
23,0.7977277518400485,0.6021820857851806,0.7505380783418462,0.44882562654368907
24,0.6921981204739416,0.7834420114549032,0.7622466464570411,0.5864033009703509
25,0.8817239664705218,0.7342575754872781,0.8601785458358383,0.5838633644049207
26,0.8877135355105089,0.787531288704222,0.8836574338604016,0.622979487796223
27,0.8269837300937001,0.8165233903674858,0.8544651607651541,0.5635209858573629
28,0.8126510851580363,0.8464101543735175,0.8979649247657998,0.8216650887670895
29,0.684553979127735,0.6960387232081693,0.7123543697386971,0.4542548130603343
30,0.6939939759208333,0.7531763218243454,0.8872362971714494,0.7616933172390232
31,0.7279915623533009,0.7004184007629936,0.7864635012304321,0.4162860484658985
32,0.7644314173308404,0.7720672699766257,0.914754914120578,0.49919540616449765
33,0.7252241105241914,0.8057193301554981,0.7800888337051689,0.5594251657751471
34,0.8202802203309879,0.7808427441818566,0.8829378468329514,0.7423319384948577
35,0.8761792203717708,0.7722969525717215,0.9250694656716074,0.706073230639071
36,0.7083277108580703,0.6664018568617711,0.5668322730005982,0.6291146954928555
37,0.8217133667940082,0.784596047180275,0.9990655087940035,0.7487659228908808
38,0.8014625868490753,0.8030893726270525,0.9719278679073025,0.6641271110252683
39,0.734964333537768,0.4707908371973385,0.856815216588187,0.5392043481949755
40,0.8072115319280623,0.7262557660433436,1.030387673820891,0.5875987542555031
41,0.7574649612969783,0.7088248093366845,0.9308117638312801,0.33603839401868185
42,0.7578967086438018,0.7346708125012816,0.8709194011784243,0.7311395025597157
43,0.7067905571524068,0.6050214286408239,0.7594243549076963,0.4083917237330022
44,0.7583213262233106,0.732169031530192,0.8505746118116071,0.42595985712974055
45,0.7407117375363801,0.7171542717441196,0.8911765446043314,0.6213086633946067
46,0.7459660549191344,0.6289964780412581,0.8047894257380125,0.4589714306414229
