,cor_s,cor_a,err_s,err_a
0,0.6855073883823889,0.6732244582558315,0.7929770475598489,0.5983218382805688
1,0.8265874757030904,0.7445246923552462,0.7517653834975198,0.446060810358615
2,0.6376566487280779,0.7432151299827218,0.7135470632228922,0.6277685601920593
3,0.7455382525656682,0.6170018347722384,0.5546912188408013,
4,0.7423151140893617,0.6612139636762934,0.7609695996571507,0.6534117764846785
5,0.8031404328715356,0.754836100665119,0.8096434758381625,0.5627587684599887
6,0.506926178101692,0.7824428844338913,0.6248103815006797,0.6079816579391685
7,0.7903750338067094,0.815720508420147,0.7980514404920065,0.6562650182861248
8,0.7643921407939915,0.7400320363963974,0.682246947846306,0.30319584067221017
9,0.6621123697756227,0.6171087640748556,0.7509402226009917,0.565309739501081
10,0.7796041006362912,0.645491500129781,0.7291065401191376,0.4332584867751667
11,0.5501449133252904,0.6886929054671126,0.6538301220599305,0.4179067771737575
12,0.7467837563289698,0.6211044133712084,0.7903407687754008,0.36492146857076463
13,0.7001604361495155,0.6802554180815121,0.6550109589146607,0.5271043316467678
14,0.6245160314591046,0.5673703373433114,0.751499560785963,0.5003719346588194
15,0.7541968616034193,0.6438337950760431,0.6336310456646762,0.4247119746946861
16,0.781538434027565,0.6808945422850353,0.6256637474703453,0.46956010799842973
17,0.7517738442500104,0.7141828038018155,0.709779207968299,0.5920661978711861
18,0.7083372089493843,0.6235746240446509,0.6870059612617476,0.5503410531589065
19,0.45957706836151013,0.4664038308249383,0.5076315555432587,0.3665906418672147
20,0.7614197650785145,0.6972497171788262,0.8579398368140949,0.7059660949142413
21,0.7147114730061876,0.6810260106989402,0.742990180866843,0.5385717397156732
22,0.7016843870688007,0.7202199036410543,0.7005656092290983,0.5461280383157863
23,0.7461129209104352,0.5605544022956818,0.628979821533851,0.3927517736269274
24,0.6271345640375572,0.7733687857557137,0.5895971430805104,0.5199200983816582
25,0.8352284042491217,0.7252371405475689,0.74148490782,0.4904632959477699
26,0.8419938769918767,0.7396107371567052,0.8053414840026786,0.5097713757927846
27,0.8057828446393661,0.8249301931467445,0.8446172902504804,0.5723682577763335
28,0.7387526993793246,0.823535492868773,0.7522985433762132,0.7011152212075724
29,0.673527756847325,0.6852359614538337,0.6411063293149626,0.4541881662639035
30,0.6679475735488971,0.7409604062948435,0.8020449000023606,0.685360677947754
31,0.7353452494622525,0.7205250839065563,0.6115903149354817,0.44873159444599103
32,0.738533730531515,0.7506658789694309,0.7949933529308615,0.4619868965018268
33,0.594564461526039,0.8019424702783048,0.6428152745591221,0.4985160348958258
34,0.7863669153697286,0.7723128116104083,0.8046474684941182,0.687889126790652
35,0.8385950543942055,0.7820528506380559,0.8512359753357845,0.6717176114176061
36,0.6712101372441339,0.6699990205205614,0.4959337176705428,0.4764254257190878
37,0.7469171771731937,0.7406042295160616,0.8381525571040046,0.6119432370654214
38,0.7023387334578532,0.7819484424861103,0.755057370315393,0.5791948775540005
39,0.6936556556823187,0.4595804682354875,0.7085654386310545,0.4986233400326553
40,0.7494365728665559,0.7233705464389056,0.7642216857083953,0.4931327333077119
41,0.7153018015993381,0.7027814729246942,0.861522919157752,0.3425868123579235
42,0.6943984451068265,0.7126073488395508,0.6813452596156878,0.6548796645547081
43,0.6446692891548854,0.5021020659754764,0.6307482856818888,0.3038434743942264
44,0.7567812752915293,0.7356510733722558,0.8182648283498837,0.4163577491268598
45,0.6758774238785851,0.7618604103532152,0.6999717388413669,0.5220807541989329
46,0.6829525465772897,0.632662886566365,0.6675242023108395,0.4465849159942947
