,cor_s,cor_a,err_s,err_a
0,0.7057486473631623,0.6635776129681209,0.7308824470340761,0.6793558137301956
1,0.779630965513378,0.8034585589548301,0.9263962287053779,0.5430191246882553
2,0.5481996875598911,0.6940043237209171,0.31067971364204416,0.6450993269919477
3,0.8290955541328897,0.816555580432034,1.2584045557809602,
4,0.6846304940142122,0.6923745089033482,0.836904851620046,1.0399656778269109
5,0.6614832640314511,0.6556058247254064,0.6783791390846773,0.6224803331558209
6,0.6576233911034762,0.8525390176098421,0.7528288391263364,
7,0.5510617079415171,0.7138444227045845,0.654150405904954,0.9305750944168173
8,0.5015230873985281,0.7074187091563846,0.5728059223194024,0.79691652575963
9,0.6023116680998977,0.5613767153869087,0.6017161159907353,0.6280537160343572
10,0.7516132833466996,0.8565514797908046,1.548666040354623,
11,0.7848424284881581,0.7591944730475361,0.854487931353837,0.9330907218754736
12,0.8069553859129642,0.765975962964296,0.8624450303661494,0.8119410059320331
13,0.6848307431864306,0.761970313185471,0.7685058436641556,0.8863345304415492
14,0.7129147468009036,0.6175881486274616,0.7605211980823878,0.6429099993087458
15,0.81158485023859,0.8729541212924736,0.8674662488139115,
16,0.5301484863599625,0.6138662920744835,0.632528929435952,1.019652737713233
17,0.7808996411023086,0.8154121999618692,0.8570426404939951,1.062078710613626
18,0.7082086831476975,0.7733545805399752,0.811234504679365,0.796483518454133
19,0.6472363884531985,0.7649246312627583,0.6996401286600892,0.9618968236706402
20,0.7120098844685486,0.7005930086362555,0.7968077488893733,0.6936948046173732
21,0.5836452003576571,0.6948427856935068,0.5988066292186787,0.6910562523710115
22,0.7656356565981428,0.885929948941184,0.8965013824762917,
23,0.7433464691893429,0.8203688181943041,0.8274234562942366,0.9315262140230125
24,0.7306529622890761,0.8389018415416118,0.8608492625795844,0.8387418243680079
25,0.5530758400502035,0.7762038040188424,0.6769728142584481,1.0443878617452804
26,0.8009907887499687,0.7709892362111732,,0.9488593621527076
27,0.7735340282265155,0.836557397511787,0.8764548242984214,0.9327169871023457
28,0.8262348174448723,0.8463910746020238,0.9085647234008671,0.9416524444189615
29,0.8088345113642471,0.8389076131548424,0.9952806481113982,0.9421953679901682
30,0.6506298110666681,0.8127134794406586,0.7255916131625516,
31,0.7309079535833047,0.8472694624813983,0.8182364051773697,
