,cor_s,cor_a,err_s,err_a
0,0.7507097299341686,0.7990717480367289,0.9023309066994004,1.0132967829695252
1,0.8159583171163916,0.8277114428686523,0.9242808109863949,0.9826286804476171
2,0.6862106073362234,0.7068991630083424,0.7378708742425911,0.7808170610849485
3,0.8517274423276302,0.8705707901562169,0.985751762818604,0.973309621670764
4,0.7098726244688569,0.7159102854036098,0.7798101488160203,0.8190206465026154
5,0.8336688127474093,0.8459494144321001,0.9877521071825558,1.015055780787332
6,0.8281348902797823,0.8309704761291993,0.918226333164568,0.9526628158457837
7,0.8182009686126631,0.7797089583918135,0.8889324842316212,0.9709942009208133
8,0.847595555836281,0.8427240067436953,0.8843024339676175,0.9763064567074605
9,0.8038343589594619,0.8063967916848249,0.913925725294005,0.9827458363477172
10,0.682154546932919,0.6761430601859839,0.7710254653953507,0.7739171548535353
11,0.7339988493171017,0.6982010713119414,0.81227537540333,0.8716753108362534
12,0.7102365615600912,0.7379210243817044,0.8034154241308413,0.9168047689527655
13,0.7205547186494804,0.6646773897237552,0.8043614318224699,0.7655838706730419
14,0.8137928946042186,0.8397196430656124,0.923774708782778,0.9344657250696402
15,0.6859126181934737,0.6327179842364016,0.7436687744362321,0.8026290146802788
16,0.7450071272834683,0.7515911745571665,0.8329701236854293,0.8940554264767284
17,0.6107690694691758,0.6178780582721136,0.7998120894701644,0.8545595707092757
18,0.8643559707809172,0.8846295553381592,0.8640812790889324,0.9537090720704395
19,0.7761144727837217,0.7594988219088044,0.8465099929836123,0.9087993068876618
20,0.6971268964861024,0.6798996828581791,0.7151724010988411,0.7592199755068073
21,0.6480777289981451,0.5871341047809138,0.7760718751397517,0.8467598014162312
22,0.7971467126091908,0.650520217335356,0.7188798572274582,0.7114334486095849
23,0.7280395601498156,0.6422863373773519,0.8031058263133006,0.8350542344582887
24,0.7118630429383493,0.5407244270852947,0.8328403142394509,0.7236646407697886
25,0.7916161155086372,0.6947930951621828,0.8633864150978406,0.8783359793103847
26,0.7846065465402975,0.730406421559059,0.8948137003811366,0.9737256714662649
27,0.8387511192778382,0.8175586281304346,0.8478847131751572,0.8725731518678806
28,0.6992521281469657,0.6414396757835822,0.8334934928607725,0.8058236963076557
29,0.7084161344234373,0.665357790097886,0.7112112780458555,0.7429506889449601
30,0.7111692694202859,0.6637458774587656,0.762265860009703,0.7255799686005987
31,0.6631669452443962,0.6377439640414139,0.7534870025342736,0.7366387942068483
32,0.6942214093595532,0.6759309585463484,0.7148912081545078,0.7203304484830465
33,0.7293039558548418,0.5534680554420582,0.7161239603770108,0.7849830614558084
