,cor_s,cor_a,err_s,err_a
0,0.8010014118140036,0.7724587496961238,0.8483076862308339,0.8802823476236333
1,0.7905910982714086,0.8311642549408862,0.9457452515668349,0.5683189161402834
2,0.6751510498640619,0.7771384229924041,0.4283985035909343,0.720807886653318
3,0.8532025778422359,0.8626756422470767,1.3863248250814053,
4,0.7112311896207282,0.7531746228601545,1.0731542275117343,1.3712757055994123
5,0.7836752303264363,0.7697322940281467,0.9386398214119251,0.8948222368853229
6,0.7347071766367425,0.8809058492064363,0.9108311026914643,
7,0.7180639924626552,0.7419265666345571,0.8489212553162189,1.0972488076612696
8,0.7016827144418571,0.7725149069653069,0.8543011499043821,0.9955962665870117
9,0.6824679096329713,0.6164070515235834,0.6947819910034734,0.7826544450114307
10,0.8436035092560322,0.8921700555220102,1.135241627422864,
11,0.8398969565456992,0.8035868262164996,1.0292132548889288,1.1878346387749108
12,0.8635641320379148,0.8524188013538163,1.1824863415486762,1.0327668117278872
13,0.7303642399641299,0.7721312454862697,0.8910176371682171,0.9586016424348548
14,0.8102936794709484,0.7365223093394744,0.8425093937804579,0.7648521404105504
15,0.8495648432526661,0.8853948698514953,1.009754752919006,
16,0.6123422790561613,0.6655808432420586,0.7766065941815076,1.0042467447890844
17,0.8332653741014063,0.8458680894572678,1.0429878146949723,1.3317046532319958
18,0.7516823955280854,0.7877919750981035,0.9389057840441862,0.7958628149906979
19,0.7981543498753495,0.8383411849227165,1.0440877732260987,1.2574057010175572
20,0.7657645894379886,0.8046266979418503,0.8676243481203427,1.0600475330227692
21,0.7258453710608467,0.7699470184311124,0.7777627589747662,0.853989207063716
22,0.877228090872224,0.9003231277331054,1.0972735132679887,
23,0.8315474480393614,0.8704246549067908,0.9683461695405924,1.0136522184910055
24,0.8468025807702673,0.8970313185951236,1.0342308276147365,1.1712853897786417
25,0.7095733162056009,0.8293762348448002,0.905060690580637,1.2208914969009959
26,0.8532012852576663,0.8502402205456021,,1.1430083284902746
27,0.8207921688317424,0.8718509322461572,1.0382403427510498,1.089432074617374
28,0.8416471298704761,0.889141062082597,1.0246089498588153,1.1225623688416286
29,0.8488296891858347,0.8364644509468336,1.082937323697645,0.9467445417664359
30,0.7798038583270008,0.8658695896620071,0.9380876256749263,0.8774393056884204
31,0.8083549795027547,0.8934802800823527,0.9867355769634224,1.1658690589954406
