,cor_s,cor_a,err_s,err_a
0,1.3185430201291577,1.2822077995789842,1.3010181687062596,1.3540994616124082
1,1.3263375299848328,1.5033219871708605,1.4852793840281642,1.290091658027337
2,1.2528122758730962,1.3424705504794643,1.1847910529339918,
3,1.2089984317173095,1.3136087223378567,,
4,1.336828999230687,1.429671117229451,1.3237053631021316,1.2773458616406759
5,1.260335463607231,1.4025970160860535,1.3901691933992948,1.5008411751265938
6,1.4156876565800987,1.9872033519031715,1.448359828750184,1.6251427155574227
7,1.214125900343891,1.6732601301595311,1.2195100124870324,1.300785799869056
8,1.3347227297859918,1.4332596976137921,1.2987213756330886,
9,1.2788302873552404,1.3081570527491313,1.2669615595789923,1.486284503475199
10,1.292544342480913,1.6294497844370397,1.403547870033386,1.981791281114009
11,1.281291471926182,1.873666847084574,1.5534837122703162,1.6531395852137871
12,1.333499283059054,1.9910832335847668,1.2638506215836351,1.6745440606194704
13,1.252313242600467,1.6344206898035705,1.2856532669996752,1.3617628173816938
14,1.4200402442715203,1.5777472931836438,1.422206757805184,1.5257379404654472
15,1.3358757406881896,1.4454098670811382,1.5496909225852231,
