,cor_s,cor_a,err_s,err_a
0,1.358586990403242,1.2099432899075298,1.3182294276945774,1.1805471166006927
1,1.3668998977812172,1.2796475570194445,1.4380318968899874,0.991997890019588
2,1.2213370222362385,1.2603554168830817,1.2222464270811615,
3,1.2199914607802718,1.260276000021493,,
4,1.4256491253297565,1.2803504231855383,1.6396948292303177,1.1302248580255247
5,1.71165290239653,1.4191679063646783,1.9782554482328838,1.467771427004392
6,1.7952187055215465,1.4740622014451563,2.1146178912384457,1.2555876446560748
7,1.1858136772091745,1.3804904721198819,1.10166366479359,1.0020343196071297
8,1.3871802784624319,1.1635616076728132,1.4749200748091635,
9,1.2179313290381935,1.1352786712390237,1.3788664638437875,1.0930247427265025
10,1.5524687299428317,1.3883578306391453,1.5339722772262803,1.4598797016091598
11,1.455661506605181,1.6186307168873222,1.568385201079402,1.5146078379690044
12,1.2756382278227907,1.3210187107024838,1.1249118285414281,1.123937471367599
13,1.400499250578788,1.4614149903421703,1.3240228689486717,1.219143879371475
14,1.5194877700518419,1.3103494372917455,1.6248348791363287,1.2741755834208341
15,1.3310685615857798,1.3145803686543018,1.3798215173729647,
