,cor_s,cor_a,err_s,err_a
0,1.4311073495569313,1.7618463559304918,1.7567449184072206,2.0666951479205573
1,1.266733140720246,1.6154241599133459,1.3435638606627693,1.8152653502536138
2,1.4669176787142684,1.5170739000422175,1.730410216261884,1.642394556369539
3,1.5521897162459444,1.9622413477677536,1.5185613466545538,2.143656590637017
4,1.495851076392293,1.4815632243906391,1.592596557020331,1.3143918471620177
5,1.2284684174720877,1.3978120493209234,1.4186093788496004,1.7668713077697102
6,1.4502208699111547,1.4563498912050028,1.5160952816010158,1.6960061150954513
7,1.3764184062820808,1.334713097157534,1.509292219911357,1.2793924555344742
8,1.3003295440512328,1.6846967604857104,1.4865895102606692,1.6776223645259534
9,1.3643651316261491,1.6313452282745273,1.547268877101907,1.7770899765333905
10,1.51012106926801,1.6990298507864194,2.333356470912332,2.006972430051154
11,1.3578891216433757,1.6146454294699106,1.5196364475978477,1.5757507246605282
12,1.426530149547103,1.8036860302692095,1.82065827911212,1.9344326483914054
13,1.4012778141518074,1.6359409508292582,1.4213974436705152,1.7326462142952144
14,1.4256353672587672,1.529991397393255,1.7949520972442015,1.8169744879160286
15,1.4190650903275053,1.6028410879829633,1.6702681230893943,1.9701268608363947
16,1.3532311570628268,1.7120281650991003,1.3500524568474213,1.9819954797422592
17,1.4250970917036208,1.5598160306190634,1.7130125300959225,1.4213468911200235
18,1.4649505209828815,1.7090911033899825,1.6109275220710069,1.2709230748906806
19,1.5232233143473133,1.5589377828331696,1.6451224877396393,1.6563220256054956
