,cor_s,cor_a,err_s,err_a
0,1.9983474564364032,1.954614482104042,2.2342918117853983,1.779175544187227
1,2.1913053595476755,2.2299504408787967,1.8229965611407133,2.1168226566600548
2,2.741410067777829,2.0833958281267577,2.5846764365362747,2.1295968856327825
3,1.9537695598744653,1.8159952466920433,2.4805455332095496,2.476843833541685
4,2.4274345741462082,2.454124873615863,2.3451923697306905,2.0637435278256553
5,1.7996004476950855,2.1268468272922076,1.7386636511325433,1.7968492412199522
6,1.753227509023956,1.9160606861067575,1.7300503789541959,2.085802977171404
7,1.702542327208303,2.2915688533927048,1.419597672033825,2.0117851032478176
8,1.9625871520656255,1.937564855899722,2.6555526554355384,4.289183476703371
9,2.012471799031447,1.8458244064927691,2.1658824267664794,2.232857525964863
10,1.756723015154867,2.2077099267329143,1.6631886428594613,2.391060012998506
11,2.0974824325486496,1.4755030433201766,1.9405369821493077,1.474114732946857
12,1.7900593518271708,2.2099124025228574,1.902512708739954,1.8151088457989164
13,2.0360217549260957,1.9577615496682443,1.7819118256896271,2.0395510506917054
14,2.251004439500498,2.236542148425336,1.854399175750983,2.0462939141642686
15,1.700264471484196,1.7226594970710198,1.8203019254590516,1.5744075889771814
16,2.1438098716288576,1.9899588648700843,1.9769403471788571,1.8900673767633416
17,1.9337065758699012,2.4292181306831995,1.9021649105584966,2.6323394244531917
18,2.132062727104717,1.9922153159981493,1.8851168693368718,2.2450561387849453
19,1.8101442137329027,1.6989774014307617,1.89326732391892,1.5094895849842065
20,2.1769460317492255,1.8394850223120534,2.1339582123303926,1.5753846784284289
21,2.0306638819550904,1.89886884448263,1.864421429499581,1.7188925542825337
22,2.1142746890779804,2.0272036214443356,1.8744789008962284,1.870674329772352
23,2.315482487894916,2.037032825956552,2.202191216218228,2.2540511424819334
24,1.6177633039759154,1.622630246264988,1.564056486417229,2.0376414407516417
25,1.8774706135641273,0.4806035390456435,1.9349297325257273,16.390982018606696
26,1.9310462704318387,2.20118716902814,2.2799012690136786,2.6827885024636378
27,1.4192049886780873,2.073368761072505,2.1962268122703392,1.763822648715979
28,2.4495183780469127,1.5183871313718398,2.0354510108797355,1.71462205735671
29,2.0123681082614224,2.4278313387170245,2.157401161267933,2.396763297438223
30,2.0883660161184125,2.3533864092712533,2.4393906051418086,1.8991094324707567
31,1.8035530698192002,2.431450858381948,2.774113305543672,1.4249834215713615
32,1.7389272457158411,2.034926644430986,3.396127460023318,2.0855390865589385
33,2.120370506963715,2.160818713986113,2.469791402897048,1.984483242110641
34,2.033009915979185,2.248057271544863,1.836884349366893,1.4202930496441117
35,2.1459779920727255,2.3459939304055313,2.2230520553772632,1.7021843256830167
36,1.9896379631501686,1.9866933247031129,2.0544177247155098,2.055646704312019
37,1.7780541191134966,1.9550331936559222,3.2226727429221094,1.1975381039657167
