,cor_s,cor_a,err_s,err_a
0,1.9078836510216421,1.9465408651130631,2.2694034134682006,1.6854305309038535
1,2.212018492309459,2.13113205004623,1.750126151978323,1.8995290044718753
2,2.7762417174219234,2.0170403574885527,2.9121284087412422,2.4716072249527623
3,2.169647979620006,1.9434919718899057,2.5343037979302867,2.3753623252705136
4,2.637863947624103,2.4486770921796235,2.4215001600322075,2.075317801206202
5,1.4468105823482706,1.985284576617864,1.451010043890871,1.7899022640645894
6,1.448137622396754,1.687269890116758,1.435711272767134,1.753153309664388
7,1.4589884795943366,1.9729339242655608,1.2986641252412547,1.6877030485109312
8,1.7750477489729704,2.4149445815392063,2.4222343160513176,6.003001991513313
9,2.080530842847632,2.015995425097645,2.340880347981504,2.4139664492422392
10,1.3919649929088806,1.7735847558336877,1.4223801514874976,1.9633476762915756
11,1.7309817398171996,1.401999176635615,1.666872828778936,1.4777287347381598
12,1.4157595014487265,2.018709973619488,1.5400597654700259,1.564582375043028
13,1.7538477839937536,1.8742772760146322,1.5231705636250756,1.6433362890293368
14,1.9065238812098575,2.3754170710725986,1.7050820012017815,1.6455274572062688
15,1.3393570224571663,1.6689683596384366,1.618316899115843,1.7438206474850195
16,1.703452196545092,1.6221284892296652,1.6169036766960245,1.4659935669801494
17,1.474307267160507,2.1285087977438257,1.5976811481193434,2.675064360085148
18,1.8378455428674914,1.878589874773239,1.9906829200776044,2.2168338934582184
19,1.6631674268010772,1.6293072945265137,1.7417584983533003,1.3202881827791493
20,1.8859484486696063,1.4554334274337475,1.8007293006183909,1.5426704147605672
21,1.7540176517858395,1.6271672094123433,1.705990922271212,1.4584117016469824
22,1.9159476183817798,1.8885471563587104,1.5783812211558634,1.9599333176288793
23,2.2614740439615217,1.9279868338762118,1.8648714243892865,2.4859196510369976
24,1.1901416081402936,1.277100227314889,1.2719180800123315,1.6640935400986043
25,1.6678699905322134,1.4453507114937338,1.9647625112630336,46.8388206728918
26,1.6093819945261167,1.9546930245772103,1.8712474136607833,2.20874600116165
27,1.9385906314086914,1.8250432458331372,2.7862535216100928,1.8371004126758705
28,2.5897700501627443,1.5769664246962205,1.6717779011036737,1.561375809999871
29,1.9160232682036717,2.1430170909525215,1.9896433199979096,1.975576337978102
30,1.683187024718758,2.3999605099617636,2.187741604201157,1.8289605343869595
31,2.24410650036408,2.718866618289736,3.6391198303231143,1.5029112051498767
32,1.702958893075893,1.8471505690748036,3.0964295059049665,1.9815064584697322
33,1.499714047813021,1.7927984373560115,1.7911037161044034,1.683222352635205
34,2.0084143913448087,2.1622748533266543,1.8882683276426164,1.6347200082561029
35,2.2438422159748517,2.386214106337444,1.97594678940581,1.875094409109368
36,1.5115055731997333,1.3702940944513273,1.738824137088563,1.5130892651820802
37,2.346404190868571,1.896728797432682,4.742984047372641,1.1539632075653197
