,cor_s,cor_a,err_s,err_a
0,1.315356189694108,1.4594463179358483,1.2948484523937025,1.689757027155789
1,1.4328423453387817,1.4243521476748318,1.2845201238390096,1.649490101979604
2,1.8735736221108774,1.323544254658385,1.2837044534412956,1.26672966162707
3,1.1381472491909383,1.194826923076923,1.0518705898016243,
4,1.3828730379495329,1.2202475458813489,1.3250194855806703,1.0892806221646143
5,1.2530043772383606,1.3109593342753965,1.306894397000625,1.4881074168797952
6,1.279236276849642,1.3130372492836675,1.2158376639445683,
7,1.382335148215366,1.3821323459603152,1.242736215968886,1.1739266547406082
8,1.3091034721022632,1.387009907697519,1.3292084726867337,1.5900365202734343
9,1.493496598639456,1.55747092156278,1.5564353813559322,1.6076936713348697
10,1.1740129097158187,1.32561243453286,1.0393846153846154,
11,1.2564177852348994,1.2923387096774193,1.226305384347017,1.2762441679626753
12,1.2241981862419817,1.1388388178578912,1.1608786354153886,1.1471783808334277
13,1.3836058128973663,1.2993508380970837,1.305562810133194,1.0468630849220104
14,1.2678545187362233,1.349025974025974,1.3615001913509377,1.5707619610159482
15,1.2476013618074897,1.1683386837881222,1.1810344827586206,
16,1.5294509891086907,1.3923988955660223,1.4977655099894849,1.1613278193807979
17,1.2398762788484416,1.250326797385621,1.4359827157260703,1.0718697829716195
18,1.273304157549234,1.295836947094536,1.3547557840616966,1.1455201837873317
19,1.2793628647831647,1.2940090186815545,1.2628989361702128,1.6830060225189842
20,1.335421930267812,1.2250776397515528,1.2234746922024624,1.1839008643132354
21,1.3054206850681742,1.3457777777777777,1.438589211618257,1.5429927130994763
22,1.2373515178178618,1.122719734660033,1.1831648248295321,
23,1.2477738322862606,1.2674457429048418,1.1539489671931957,1.109652706843718
24,1.2577173270254287,1.3015317286652077,1.2644623795886487,1.000358102059087
25,1.286673199412053,1.2153910497699707,1.2511920432938426,1.1111169652265545
26,1.2691541233835066,1.2430824159476348,,1.0559206174200662
27,1.2733333333333332,1.2099751861042183,1.2149350649350652,1.8180267273244246
28,1.2470647265429002,1.220849885638618,1.1502101694915254,1.1545923913043479
29,1.2904667109046672,1.3934968132224264,1.149128827877508,1.2904590459045904
30,1.2601890525390196,1.270103537532356,2.0209867452135493,1.0
31,1.2524510987684134,1.2055130877924485,1.1830997414614235,1.1239932071809802
