,cor_s,cor_a,err_s,err_a
0,1.4245806058266313,2.175257852376948,1.6799551932746697,1.8005692784444176
1,1.2851713017671584,2.7140399093410985,1.3159267706697964,1.7133249192660993
2,1.6048574620980443,2.209252562290787,2.1117635948600726,1.9654648747112349
3,1.6683807656205893,1.2528635667294485,1.378135072235738,0.9609507719733361
4,1.3271940043438373,1.7022840081405564,1.5646467420850962,1.843951957237075
5,1.9620797697753203,2.234784063894109,1.8905077165130957,1.5203377029041583
6,1.3221766233255992,1.80664688579275,1.6951055267327386,1.4606144292638332
7,1.2721821589666593,1.4986048593138606,1.572245045627701,1.7356319873719603
8,1.27718905439532,1.6800021160230127,1.4758173345042687,0.9753146675733296
9,1.6295984924787617,2.1141719532459726,1.823690934651784,1.9481040597714931
10,1.65903349471063,2.4914897512100986,1.4556144705121519,1.587434754435627
11,1.437319403354059,1.9637598569604422,2.004886845439716,1.185990122807123
12,1.8055586744491965,2.1331014188358393,1.6346016644782682,1.3615151133697083
13,2.243536068590811,2.1574995125841614,2.120563230789832,1.5616788583977097
14,1.6814529100642908,2.2361353126296057,2.076112789065955,2.169092376728626
15,1.4900124862085582,2.181153144382776,1.5908753979678847,1.3221146585717927
16,1.7217996337914057,2.503604921316949,1.4929519005669611,1.7546571305392593
17,1.3777721110643488,1.9685685267534168,1.46627813211311,1.9274027416624624
18,1.5660413851126562,1.9367494741141094,1.8074696143545232,1.7814610001986768
19,2.1996024339263127,2.103225396227212,2.328810126991714,1.560749078704043
20,1.3175711941094437,2.0708382180322205,1.6679413255907818,1.7974134627983351
21,1.3925305469276024,1.743362168120112,1.9548959311785523,1.5194030800401686
22,1.6127899227831692,2.3642055856284987,1.7290192140202663,1.8599031364207292
23,1.490647887293455,1.9076275593316874,1.4506107302717686,1.4474960273631263
24,1.727669402789309,2.0160547970213343,1.714366965984553,1.566726334845029
25,1.2533631691179474,1.7297390719660495,1.3196885089812356,1.7113754258169507
26,1.2276306009196272,1.6585799382281037,1.2700565082903645,1.656066750428466
27,1.3089691246179618,1.8794996588933872,1.3348567012392234,1.2126697088431335
28,1.232209595125266,1.6660678026406273,1.3949774810605082,1.7995508688535862
29,1.5953454878859916,2.1283243839399195,1.6247158638643882,1.2994143351395027
30,1.491061802796612,1.6073273556560848,1.8581317147389544,1.7039665960527381
31,1.7338511864168138,1.9436440587627202,1.8510842438475266,1.1298490782613262
32,1.400310950389672,1.8731099563849845,1.8852050992173006,1.3853318604894298
33,1.4186736938454187,1.7841690602739022,1.5806236680334451,1.5585987508249957
34,1.2201269481600263,1.6259895812780094,1.4294927910445965,1.5481642372771167
35,1.140454283536709,1.8443193131963806,1.2099541403692498,1.910053151015379
36,1.610208271236606,1.7951168256415715,1.3448338168784062,2.0548208779167707
37,1.2553419277282323,1.3821866213830247,1.5405472871435648,1.413991931246989
38,1.2280462130402514,1.4867839741657252,1.5691385486359473,1.331114226482808
39,1.420017498878397,1.6727898246243695,1.4923423921022776,1.75532294922634
40,1.3495999456926675,2.087294640933995,1.7267007743888305,1.2792575856699908
41,1.3747204404708322,2.3202432186491757,1.7632457853232932,1.1269111666261118
42,1.3763387309029154,2.0018573615891113,1.5527557879562044,1.9685862568790646
43,1.4701057405577749,2.346958638385035,1.6447116777096047,1.7404543649989133
44,1.387386958757576,2.2148918685608954,1.4355894897890316,1.5102193680165905
45,1.3693143456797083,1.8798305043375454,1.7479080405457346,1.5218255148698214
46,1.433783947736327,1.9095903865708284,1.6984007660793334,1.7047878322613246
