,cor_s,cor_a,err_s,err_a
0,1.6648090127325557,1.643127682660152,1.7512383098494981,1.538911432809117
1,1.467174152864104,1.4026287923616723,1.7193580470593268,1.593727578119622
2,1.7724415036485317,1.8330591194159294,1.9136038651905392,1.9728420748679067
3,1.50267791969517,1.3966648110102673,1.7248708957623888,1.327374430583624
4,1.735975585197268,1.7737835268876343,1.8979901086923137,2.036686786735191
5,1.570252241393664,1.4618906266078011,1.5388894444516048,1.5172429911682184
6,1.6115653490123283,1.4490388004171322,1.6357757104846973,1.4950815883056445
7,1.6165512297414648,1.79897531387479,1.7198123945550259,1.6225490874281105
8,1.5656695747041496,1.5539009562612967,1.710195514491699,1.5704524846395909
9,1.7222703346802712,1.5877034363692777,1.734483214005081,1.8113100032524652
10,1.8995534397200182,1.6938839063382212,2.076960500727126,1.9238158420093685
11,1.6448452632037798,1.925851958079477,1.7286678119416439,2.3896917716249297
12,1.8402313907000136,1.708013123129243,2.0466789369290987,1.9319246107422805
13,2.1200090461595376,1.7822114212999098,2.293046428411792,2.193397545291755
14,1.5975173906467992,1.470460904771294,1.5681103389685975,1.6203555357926918
15,1.9100812755154195,1.7024330100571845,1.8956556647788814,2.047653504678345
16,1.9214118930797435,1.7370827863811926,2.0196787447204887,1.9890042386072189
17,1.5761053541004477,1.8809122568924237,1.758108338328868,2.322676800831091
18,1.4443320171490766,1.4613244412938606,1.12480291512258,1.4321743452286049
19,1.683640086221369,1.6771817979963972,1.6713142712780558,2.1132520276723707
20,1.9982960185073144,1.8637917425889352,1.965389045606878,2.086012072205971
21,1.6403699454053444,1.7697949284814083,1.8631250177107594,2.200386372998613
22,2.3874715901014656,1.8996159275255675,2.254016215775916,2.134291286854307
23,1.7771086354397374,1.6936099831784783,1.9284039208179098,2.005377753497565
24,2.1725725946854197,1.8750110111186729,2.5245361737619945,2.3388856417165282
25,1.836453253632521,1.7884037305587057,2.0958077116311693,2.137374728070091
26,1.8354595745792137,1.6386041064015004,1.8868099340293603,1.6519112691668398
27,1.8595471119526572,1.7674678426432435,1.8874355994808762,1.8329179845694055
28,1.7508904154934695,1.6359481031125322,2.137100197644281,1.9900492832798626
29,1.8924659069852054,1.7286365022580972,1.7539205440333447,2.0724759780939626
30,2.015977332597669,1.8452180180276263,2.035063635515842,1.9824204699226586
31,1.811907287913996,1.7253911715307038,2.0873358315106394,1.9496560646959615
32,1.7836875605037366,1.8255711288840306,1.6953925304570694,1.8479053146501698
33,1.9970458128955781,1.8429922164725605,1.9858876996088946,2.3289973172215293
