,cor_s,cor_a,err_s,err_a
0,1.3259145292825114,1.301873009285328,1.6744135779384288,1.7977860149139115
1,1.1679208071886285,1.179377870033222,1.3528311979585075,1.4070920123731065
2,1.4606826953564243,1.3238493630999655,1.5076175521452553,1.564352266905658
3,1.20953735230123,1.2304581982912808,1.4777286605371418,1.4462027121742242
4,1.1904703216219747,1.2616576822757226,1.4244624452933763,1.5001094619223863
5,1.220672021920586,1.1929251841275503,1.5201612509943598,1.5171447738043586
6,1.1894107779077936,1.2065754791602499,1.3791728513547494,1.434237099833915
7,1.2462939566158857,1.57879560000113,1.4443692137151907,2.019616570356115
8,1.17134895980714,1.1636915985876046,1.3062043429899104,1.4689032778493203
9,1.2100690848230617,1.2577205776039455,1.3855404444602095,1.5493309616883553
10,1.3731264991673147,1.457434213700117,1.4820819498777098,1.74925535394092
11,1.3503925425052177,1.5993665938534025,1.5806499685913034,2.2702761057014342
12,1.3708614290212606,1.3134887523981307,1.552594637920311,1.6082852895713369
13,1.5175731799028027,1.639529615306112,1.5022481310242437,2.096018844167784
14,1.274412165305246,1.244906698267317,1.471392262182959,1.458575464999392
15,1.5202932839853922,1.545026792274585,1.5190019798450534,1.9044966608330205
16,1.2082936568893605,1.2079496359872932,1.4607429532881104,1.525287127893481
17,1.4258319687070544,1.4741857871610786,1.7449499823660193,2.184100411081046
18,1.243666455080483,1.1903259231647563,1.4005110676890513,1.3970604983942352
19,1.2502069819529311,1.2111441121682536,1.2969839501388112,1.400236943977379
20,1.3869210698520478,1.5257163325043197,1.3730680110745386,1.7275203602078495
21,1.3162881554084216,1.347186740361532,1.5465191439307298,1.9443515462689624
22,1.6405385597125839,1.6740611800719867,1.426846098280652,2.0037203827265255
23,1.2321703690438301,1.229018664217276,1.3604857538061859,1.6362374520574399
24,1.6040584889385234,1.683506841402009,1.9291306235847225,2.524510401207764
25,1.288849863766875,1.2722949304922362,1.4236324550421435,1.5938386647891174
26,1.2956529424848402,1.4542493456358374,1.5239875721457758,2.1062398685516723
27,1.2714030984875744,1.2421362428061804,1.3415092867830194,1.3888025104795458
28,1.3632387965086068,1.3037197489432766,1.645488249548182,1.5833202906259694
29,1.4174107956512612,1.5715256268427538,1.407587343197133,1.589888103565371
30,1.46013707558617,1.5545617557660363,1.5854801189106635,1.73759997718793
31,1.405452044554943,1.5527833144053855,1.6417123108037395,1.7906765347605047
32,1.506025634487027,1.3638966767142424,1.430855203208993,1.5799713351678766
33,1.4997671104035342,1.4508945627577057,1.451870557312488,1.870009220690731
