,cor_s,cor_a,err_s,err_a
0,2.278885630498534,1.3971051469505913,1.868217054263566,1.1932534811867779
1,1.793079863206598,1.4397313098644111,1.4650147686248767,1.5626292806251438
2,3.7265863453815276,2.3516431924882633,2.6309420916162485,2.2722580645161288
3,1.7720314033366045,1.6191011235955062,2.382376350198977,1.8552943138235782
4,2.622311468094601,2.426846683110476,2.1896152475952975,2.6020873813357017
5,1.5178528347406517,1.4622512592888133,1.6575373344604116,1.5478880965441584
6,1.5226373626373626,1.6820336868371804,1.549514563106796,1.7778187403993857
7,1.6146499768196578,2.053153343176545,1.3679700499168053,1.6940836940836939
8,1.8085889570552154,2.679528464634848,2.214202172096909,6.988768898488123
9,1.813546706363975,1.5929548841620376,2.037727850784231,1.9706236150680598
10,1.4246401842256764,1.7401473622163282,1.6265012406947892,1.6556666265205349
11,1.670707070707071,1.5613934894346089,1.5401916932907356,1.5831310897244308
12,1.5838845460012028,1.624283464566929,1.543331206126356,1.922508483096644
13,1.4821917808219183,1.8817761049794006,1.37555697008275,1.686872824083555
14,1.6264849755415791,2.073208444840916,1.4477701287039806,1.7597225757190122
15,1.3593842510361158,1.6985425760153883,1.6388151174668029,1.4549627079747565
16,1.6593248478140563,1.6217828900071891,1.3992730577010453,1.563299565846599
17,1.3962561576354688,1.9869382863990412,1.5725646123260437,2.482875634073815
18,1.8756804997768854,1.7899382398353063,1.7786460348162474,2.2482800424306713
19,1.6768493879723256,1.5002595034366673,1.4942766295707475,1.2844360581897865
20,1.7791855203619908,1.4565696649029984,1.6536177331660393,1.2213052631578947
21,1.8973047053449068,1.3528963414634145,1.6818104184457727,1.5491009681881054
22,1.7617546264564774,1.6587465940054495,1.3662400975015234,1.6233886530297184
23,1.5820283941171474,1.4904422919827285,1.7649691125508509,1.804172238566462
24,1.4434054431263086,1.3545697131420946,1.2389937106918238,1.6120033812341503
25,1.505859375,2.219601359419491,1.9839572192513368,26.3715151515152
26,1.446513720197931,1.7644345651569884,1.7277868406742796,2.358551027516545
27,1.7836161743138488,1.4177812828601473,2.6107975460122708,1.2040171132627788
28,1.8246092069410584,1.6301054111033029,1.651940423746591,1.6115558142919513
29,1.2693908806126,1.4716833890746936,1.3650163576881136,1.6330444403466715
30,1.6923741007194248,1.8462929475587704,1.9428044280442802,1.977545292166369
31,2.9464245810055854,2.4337709436425623,2.073722334004025,2.104334491923942
32,2.6177062374245472,1.8449637103912198,2.8272401433691754,1.9090773253642135
33,1.6062027231467475,1.6737967914438503,1.5260067114093965,1.8020833333333333
34,1.6290693220988128,1.6327064391580521,1.7672756155679108,1.2216846898121798
35,2.1977469670710574,2.3490280486984596,1.2378416924173994,1.6311092131952598
36,1.5146417445482863,1.5220669483262919,1.7516032064128257,1.3529259618493374
37,1.8910501810657014,2.041532732261858,3.7740601503759397,1.3619241982507289
