,cor_s,cor_a,err_s,err_a
0,1.6544844040939741,2.090102776092308,1.8364796422635072,1.789544603978676
1,1.4198597146575334,2.717184868906473,1.1788869170881489,1.672014323988095
2,1.8907332652362592,1.8304918630954155,1.9950536408472037,1.4333076274621754
3,1.6944928500478662,1.2986672370037529,1.1782424463532921,
4,1.5901996898837725,2.069441697874413,1.8060411251310262,1.8382847658497494
5,1.5250877314922668,1.9938909375081808,1.5388506019031427,1.4524442049393782
6,1.6803346905777903,1.9130113880128892,1.8314777776957638,1.582148115175241
7,1.4659323138963924,1.5269637043529225,1.459950453204417,1.257769582726502
8,1.5642193918875795,2.0647416992630787,1.117078627477093,0.9500038437966735
9,1.8493045757627722,2.207775964863322,1.921971667411159,1.8058831490341458
10,1.723158075930559,2.4809917733960543,1.6684089583389947,1.6356322053631451
11,1.7596895629903981,2.250509186224642,2.001809182002416,1.2106531264200793
12,1.708671660445871,2.39465425787282,1.9669263963463661,1.3755269642503143
13,2.0258816803833524,2.1965502226375753,2.107500609111444,2.0851958855520394
14,1.6530314404117712,2.4358473782179266,1.8753441508069055,2.0665256499589915
15,1.5960804487263593,2.17816220580799,1.443252477158526,1.3832918034413004
16,1.9799391008791334,2.5310421112587287,1.4753140622336556,1.6750696716584406
17,1.6010794205931274,2.109447235306396,1.7243475126055103,1.8955450202515733
18,1.814819753350124,2.503564872710347,1.829032610054973,2.1102969075885674
19,2.4342449734348595,2.089806220118522,2.661976192197275,1.7465378252164374
20,1.4602308649775293,2.0458022422765048,1.5879966025519976,2.3413863420334415
21,1.5521373258716236,1.9705988949309203,1.4487192873530474,1.5420965294173743
22,1.8572849562936804,2.2859449240391023,1.6982970920150544,1.7926276668469203
23,1.853742590302336,2.098386821600954,1.53798086059611,1.4675591644766317
24,2.1216167183733012,2.316311029217283,1.885940338340437,1.3948845546682755
25,1.463051023497787,1.8684607880316912,1.2797520656466104,1.3918304252990115
26,1.7551747216443059,1.9676627535122124,1.6145827576382434,1.3070758172997035
27,1.4477126854338722,1.7298037662276269,1.4920612170391507,1.1599244027702886
28,1.4969602840778167,1.5888930370329342,1.614987070716381,1.2911381259198895
29,1.6522774753204748,2.145281031794197,1.5447441061360245,1.5004290438792995
30,1.7563295799503458,1.662114635438443,1.9814619601965648,1.4188700827024252
31,2.0629763676348194,2.119784697724905,1.6996989425974647,1.0789049288840664
32,1.6463828882296003,2.026081388910186,1.566278770149509,1.2438346479605296
33,2.012314002595613,1.9815607876171217,1.9684419175754668,1.1520289826749355
34,1.6096738454188064,1.7681957516501858,1.6517430064358691,1.4265852558658463
35,1.477519750002268,1.9702795201033454,1.4594625916408288,1.709683788180459
36,1.897588599806215,1.9993429313080118,1.3727416014895713,1.4392716534503864
37,1.5528686614455351,1.6468507169642221,1.6813703935961626,1.3120756241718592
38,1.5489005467981447,1.5845851713557697,1.6002620933021348,1.1546521600093778
39,1.5775772831124912,1.7072677886931082,1.6818849392270208,1.4996596602969092
40,1.60653185870676,2.0023925124935946,1.5308864040287713,1.4117726662580283
41,1.5784470226533074,2.3660183524122447,1.9197554997511093,1.057246137982601
42,1.7513641203678092,2.3828145400860867,1.676120584761614,2.038630449562863
43,1.7261642230881844,2.8575141805795248,2.015099043416153,1.4972233899302843
44,1.5662739547309117,2.1672127156016594,1.714051184662782,1.3589629122367637
45,1.5972707433811268,1.985063062626138,1.6554450226340904,1.3492409614577814
46,1.7350601118659277,2.1148377802476914,1.7842288851987052,1.335403768227987
