,cor_s,cor_a,err_s,err_a
0,1.8892195194655204,1.924622562216696,1.9133268698136348,1.8545262814897472
1,1.6785280849882362,1.984273899817378,1.7106803891639102,1.9554364439200767
2,1.6970730042122582,1.6792852232888997,1.8389263364022652,1.3581985572959727
3,2.1753073205507647,2.1672006530568555,2.2840461347636953,2.320865905641261
4,1.6730585489660812,1.6735455675996285,1.7055393367287368,1.3351285474862973
5,1.6137389878783812,1.7014453782126577,1.5358662201322846,1.7029680474224005
6,1.7451324026636126,1.7795962510570684,1.5080930480624484,1.8722299686575952
7,1.6783066085884755,1.5874923608935934,1.3758983548153585,1.1155321509801879
8,1.529540601264397,1.773513045534825,1.3913786360908291,1.6499228524869136
9,1.556999490139907,1.86132739578898,1.7718789995662796,1.6219700477926167
10,1.7919531957118093,2.0129531522368036,2.5241681804024476,2.1919357136807105
11,1.6310231156581827,1.7664089200957078,1.5649430595377376,1.4995155904781992
12,1.7363763219346888,1.6824443587162334,1.948877244117503,1.6370306520441122
13,1.7384953458296615,1.9207673949946955,1.6455532564755264,1.3776795952669685
14,1.5427760581834795,1.7875745941765329,1.7534130201263,1.6541506368177494
15,1.607480032400839,1.7281263578594068,1.8420582314745482,1.6392058738931896
16,1.6426923065537786,1.744217338787011,1.624659107110207,1.9010607972814348
17,1.6782935431898787,1.625526111876809,1.9406907889578568,1.475649311953432
18,1.7053856389004562,1.872458161458576,1.4638739797077822,1.3928520191875797
19,1.7101316341009514,1.8135396154819872,2.019336157862448,1.913930434489744
