,cor_s,cor_a,err_s,err_a
0,1.605897093811735,1.7905538474120397,1.6743502515510718,2.0309919012198487
1,1.4947271811817364,1.6811806578760184,1.8146634440607907,1.1713037574576646
2,2.601655117508567,1.6835318490874986,1.9343790125141378,1.5632992866243347
3,1.3320719213739032,1.2324470121550841,1.1989100398887187,
4,1.7401349989635435,1.5728588939259331,1.976455698988784,2.05836546058541
5,1.577823096174191,1.6693168876836046,1.729249923107592,1.4702693703548684
6,1.5725299521303973,1.2929306488175583,1.5895645921565782,
7,1.8870329999013318,1.6014690285389703,2.229615074643676,2.2869716607897796
8,1.9844363796626783,1.5852415840663294,2.1105883861496717,1.6863866994488033
9,1.8862982950913392,1.772990263832169,1.8885524318705988,2.053499081112347
10,1.4437684434811549,1.3376315405453265,,
11,1.4020287768188369,1.4560200930740095,1.6705994960130448,1.356155761361322
12,1.3285224100742743,1.4380658385002505,0.961821617554559,1.82225082684824
13,1.6748896958470687,1.43217499169921,1.8385224513865535,1.1270777674404535
14,1.3997263246082339,1.8352462162389656,1.563211694429082,1.9813347214299086
15,1.4445596162814383,1.2505164780592375,1.7447416583784623,
16,1.9237249772315435,1.6280363687599537,2.3066340667048912,2.1731692912931573
17,1.4874602021130823,1.4291295081525626,1.3773468468184762,1.0584023619063259
18,1.5570891224673473,1.4308813047883358,1.7675451097228048,1.363052502935657
19,1.7067721528558206,1.5220581552162842,2.071820915399609,1.2638684239819873
20,1.7742396788210202,1.5400238848260666,1.9274964671786354,1.8319086448684427
21,1.6907650738922375,1.6162530638439756,1.8499788980209455,1.631507610176008
22,1.6010341549553693,1.187309808271155,1.0199112797909196,
23,1.6267894992516283,1.327282643007706,1.8080899329865094,1.433293628515412
24,1.5015516168158927,1.359102123468221,1.7413852064897963,1.1403939495769784
25,1.754891348875162,1.4253056348574769,2.034599345525143,1.52962310004492
26,1.3349167503709025,1.459066119753282,,1.253909576112822
27,1.5612252585864905,1.3837759713856754,1.8594143069142548,1.6251526379025834
28,1.3927764576152675,1.335702022363653,1.4521107195395235,1.4141128577103228
29,1.3696285280563407,1.474443671944625,1.736301985965052,1.4283998263090718
30,1.70332581177596,1.3757253086284469,2.028619883647603,
31,1.5327112922068478,1.3639154691109612,1.7147023159028534,0.7442495426312059
