,cor_s,cor_a,err_s,err_a
0,1.349443016281063,1.9430952380952387,1.5676612127045235,2.1145535273803646
1,1.2064935064935065,3.8619576185671045,1.1136129506990435,2.2757172848145553
2,1.4497991967871486,1.4485981308411215,1.9955555555555555,2.4472114137483794
3,1.553162853297444,1.3347734773477349,1.8955194485475142,1.031938059520929
4,1.2448275862068965,1.9107231920199503,1.5567765567765568,2.1181176470588237
5,1.2757911392405064,2.017165005537098,1.6592709984152139,2.18936929789766
6,1.2897590361445783,1.898753894080997,1.5435406698564595,1.887904191616766
7,1.3312051077414204,1.371072319201995,1.4354098360655743,1.5218813905930473
8,1.236449864498645,1.6420824295010845,1.305827505827506,1.333303808680248
9,1.5082758620689658,1.8696953500801718,1.785768936495792,1.893217054263566
10,1.5665653495440732,2.4927548441449043,1.6708215297450433,2.1545150501672237
11,1.337323943661972,2.2033966033966035,1.6188911704312117,2.3249329758713135
12,1.570119802677943,2.628641571194763,1.4599435825105782,2.1266599597585514
13,1.746193548387097,1.9452857840742552,1.995046439628483,2.395759444872785
14,1.364072847682119,2.423934897079942,1.7524557956777995,2.5076992753623184
15,1.4105580693815987,2.1186066270178423,2.0191852825229955,2.109159891598916
16,1.7435816164817755,2.987926509186351,2.403011292346299,2.258229700073153
17,1.3432387312186982,2.2075688073394497,1.7451162790697676,2.3262
18,1.5561728395061727,2.125611325611327,1.7649612403100776,2.2104728012201322
19,2.085132382892057,2.0640026203734037,2.9944320712694887,2.119535141117875
20,1.2801556420233464,2.183847980997628,1.3022222222222224,1.746384039900249
21,1.3944099378881987,1.7856704196519964,1.4908809891808346,1.7765527950310553
22,1.5340579710144928,2.302249488752556,1.8354570637119114,2.1049074818986324
23,1.5688185140073083,2.0994292961318957,1.4176176176176176,1.8529736900287421
24,1.516171617161716,2.397079439252337,1.6754556500607531,2.6352588147036764
25,1.2561764705882352,1.79080459770115,1.3202113606340817,1.7741717376605814
26,1.3341825902335456,1.7236529680365298,1.353388090349076,1.6878456591639874
27,1.2559055118110238,1.8657678780773739,1.236068237205524,1.8409480997139356
28,1.2765957446808511,1.3095303867403314,1.3395669291338586,2.523418423973364
29,1.5868766404199477,2.203419972640219,1.4041708043694143,1.571716247139588
30,1.33275713050994,1.5144846796657379,1.9350701402805612,1.7818892508143322
31,1.8919786096256712,2.176483762597984,1.9188235294117648,1.8465849387040278
32,1.3943801652892562,1.6761687571265678,2.063232682060391,2.7050691244239635
33,1.4190687361419068,2.00364705882353,1.3347319347319349,2.24118253695428
34,1.2852494577006508,1.5411570247933886,1.2096304591265399,1.5272206303724931
35,1.1905454545454546,1.677995391705069,1.1475710357470208,2.4616945712836125
36,1.5178683385579936,1.8579006772009028,1.786114221724524,3.3079044117647056
37,1.2876332622601279,1.4388965517241379,1.1957040572792363,1.426916524701874
38,1.2101167315175096,1.5796610169491525,1.2207343412526999,1.2349146110056926
39,1.398165137614679,1.7564078578110385,1.5103011093502379,1.7846381822672268
40,1.2695501730103806,2.0885686839577344,1.6877130044843047,2.026993053258353
41,1.339716312056738,2.6150115473441105,1.386142709410548,2.126530612244898
42,1.3440860215053763,2.0555555555555567,1.469984447900467,2.7673311184939093
43,1.4231213872832373,2.5884003741814783,1.4855907780979827,2.385189644792294
44,1.314238952536825,2.1587533156498675,1.733800350262697,2.226385636221702
45,1.418234442836469,1.8524695317511222,1.4919292851652572,1.9992277992278003
46,1.405050505050505,2.1803389830508473,1.849180327868853,1.5064060803474482
