,cor_s,cor_a,err_s,err_a
0,1.341323099251123,1.1424745377478198,1.329202577669345,1.0993403447418528
1,1.2089477530351511,1.17702503640598,1.5677214610134247,1.3398435911178368
2,1.0934362237541013,1.2077446215421468,1.3332425478763181,
3,1.0935415437405795,1.2529090944442245,,
4,1.2036994647311154,1.1797979018264464,1.5487791552890169,1.2267251003075514
5,1.3350858723747656,1.220269509314167,1.592818290831133,1.7248610612672948
6,1.3633929940367253,1.3323198932884026,1.7137238652821638,1.6653406315351666
7,1.0790717340102711,1.23254887951797,1.413056540872675,1.2832998545434315
8,1.195450719012941,1.148538663678343,1.553456563659876,
9,1.0901868406780764,1.0607148777621311,1.3323910463572972,1.314446616308573
10,1.27610589838625,1.2530704769790362,1.7623722548097172,1.8631427163748768
11,1.2401649713760747,1.528449465779908,1.5354591683861056,1.7407824873643716
12,1.1209965981411765,1.2702077691795204,1.6012343325812164,1.7695544187286814
13,1.2053794172991557,1.3646748272155864,1.522967480320726,1.21620270088881
14,1.2242729403501988,1.2978923674149936,1.554234154415546,1.8187702299205821
15,1.2923385017764506,1.2882416998383925,1.845563092241787,
