,cor_s,cor_a,err_s,err_a
0,1.245794050144954,1.392065733999116,1.3077852161232466,1.5665479310744455
1,1.3893855781307298,1.5736864361106322,1.6591140258984947,1.1151049812132368
2,2.1402980532308953,1.4669537494788685,1.3783079529020164,1.375653300533595
3,1.1529247537613496,1.1413883683605532,1.9168971637965249,
4,1.5040064342343575,1.446162688854606,2.18314812087563,2.532484080847874
5,1.2254230667100676,1.2882756477326196,1.4613520899302845,1.5421450566717674
6,1.213322727806599,1.1875786622275029,1.5757283362913974,
7,1.4416444562073136,1.412971028129513,1.8796916319248815,2.176072615868171
8,1.3341822049403813,1.291137175058652,1.6651585389376242,1.728204206304644
9,1.538939217446739,1.54639020573942,1.5475983699358142,1.940902071759296
10,1.1563555913859274,1.2257224373939821,1.7060208819680645,
11,1.1939755352305965,1.26481076418609,1.5331777757205278,1.9317697985315725
12,1.1908948311369107,1.1523463457380263,2.126573159408179,1.435838502735969
13,1.4387072619182366,1.3447386671450485,1.7721924440760044,1.4767707817315328
14,1.2446569397990532,1.4589471432958174,1.3571730278185106,1.4305847134263068
15,1.2675049033562935,1.171774579344463,1.6513610682609776,
16,1.4678961232706318,1.5697514956815175,1.8817940646698652,3.0454759348284255
17,1.2344844278770828,1.2405222351879317,1.6983624720818469,2.193836045910489
18,1.3542733350333647,1.3390045191665427,1.660812226206309,1.4663326062953865
19,1.2310550069722301,1.201224558808995,1.5070289674203337,1.9812835453095519
20,1.215559970956952,1.1878667300398893,1.3791243518988898,1.6921511164434968
21,1.320470754192694,1.3020527925800471,1.4062233687174952,1.5175520930621862
22,1.1747716345471861,1.0868021137796668,1.627803574108349,
23,1.2615760409577723,1.1785555308132893,1.5549989615283124,1.529717869477797
24,1.2119906199417751,1.1785553372827682,1.5515235988180245,1.7278479003668215
25,1.218529078695807,1.1884077686710257,1.5729629863263823,1.911200513194853
26,1.1755749001806564,1.197758005361438,,1.7190672979409278
27,1.287240967320986,1.2448319526993814,1.7583130327523997,1.772128556105723
28,1.2123711685038907,1.1717776520980663,1.5164626755842403,1.6417795640914499
29,1.309930308892794,1.355799146062361,1.9629344226573227,1.6471473219243462
30,1.350491558521886,1.2333450204367353,1.7547780806707178,1.2962121311717851
31,1.1775402558963945,1.1663640571313738,1.5998290544229476,1.599773893225173
