Participant,Unnamed: 0,Drift Rate Speed,Drift Rate Accuracy,Self-excitation Speed,Self-excitation Accuracy,Boundary Separation Speed,Boundary Separation Accuracy,Non-decision Time Speed,Non-decision Time Accuracy,BIC,Frequency
1,0.0,2.612960149484886,2.8572032529414173,3.7515359487058806,5.2486861413125725,0.6900479063603125,0.9345684270345495,0.34609104690744413,0.3577010940090875,-160.11914106203002,3.5
3,0.0,2.337516264329686,2.303218639398571,5.625014799487334,2.753301715204571,1.9404533282952243,1.6581598184768531,0.2822915366886965,0.2886812580540224,-53.454938317968015,3.5
4,0.0,3.1783712692697415,2.8606620675026093,7.4661572131050535,3.386730342929109,0.5338187957007053,1.214301735990923,0.33574145528707316,0.30427562694404525,-206.40960729114974,3.5
5,0.0,3.9232742219722425,3.5069762940966296,8.60450162372375,3.9000352800157327,0.8121923712972672,1.9800216602937322,0.3363472728523429,0.36473987904631794,-230.7299861679439,3.5
6,0.0,1.1298925495098617,2.4521700293021653,9.568619857826775,3.887920544578676,3.2227678644155184,1.1235015810296225,0.15494638019516116,0.3660965307724231,-67.09534581696938,3.5
7,0.0,1.1049845855681624,1.6037015193615163,8.740615635471515,4.490102455204095,2.0140670186016227,1.69374134280359,0.16665167288161478,0.2622505903757781,-8.633119270062428,3.5
8,0.0,0.264221742489118,1.2835193246433938,6.637532745233287,-0.26542656729310515,2.101331821571728,1.665895440263312,0.10596545968359933,0.2077101741432149,190.7232596808527,3.5
9,0.0,2.78364702664671,2.1302976379380936,6.4576640295577095,2.222723434562132,0.5741818888416954,1.574016611276023,0.38980566910435216,0.32373572144098284,-97.30558752674197,3.5
10,0.0,2.043107555449635,2.7974711013235773,6.281353668211857,3.799703635969999,1.7840223723630448,1.1701845072405053,0.2487494819165461,0.326762666010937,-262.790265032282,3.5
11,0.0,1.952876232284158,2.652560135279455,8.906034876626064,4.283360760864334,0.7353093297586053,1.018997244788148,0.3378033464313895,0.36844446319813257,-292.47500414341204,3.5
12,0.0,1.4852643501608374,1.5548595241298966,8.593676418659348,2.3174226170190155,5.122408784422108,1.1017593299651263,0.14821490069866464,0.28739191901482514,45.50582035142248,3.5
13,0.0,1.457714098424761,1.5519511731004403,6.50031693612668,1.6491399998479845,1.2213325601293954,1.0119541456303949,0.29150273089855416,0.3516523721262792,64.95618985223531,3.5
14,0.0,2.141364427888806,2.079975090820223,6.769472965743819,-1.8288278506560098,2.0521198684650983,1.3808308306151653,0.27551866113844203,0.30140537581329735,-8.704148660954417,3.5
15,0.0,1.8462639327998314,2.0616524176103908,9.164482659051938,0.22094697491443047,3.7104999508089698,1.1579924119959253,0.250044365275929,0.39522561845719983,-61.8352164840897,3.5
16,0.0,0.9753231627901662,1.9047230256777326,6.07869516952001,1.4225470212824696,2.129831369950671,1.05279059253265,0.16044367880937807,0.3754104514724624,92.88969068494625,3.5
17,0.0,2.3996213655847978,2.463129269813779,6.099865702687971,2.1739212274116713,2.9840742890475496,1.530786672968768,0.25218274128649526,0.3531874329466174,-148.41601672769053,3.5
