,cor_s,cor_a,err_s,err_a
0,0.7145876773419656,0.7423829999378361,0.7069681743986413,0.7256618638587298
1,0.7316444038983576,0.7743679979937251,0.7261558864086668,0.8016930669529877
2,0.6574179276765899,0.6320131686054161,0.6475388842635208,0.5898784755605668
3,0.8022078710860842,0.8130013449543928,0.7995946524656445,0.8812849178176465
4,0.6261325412404635,0.6343734475620771,0.638749126291246,0.623500095842532
5,0.7410883308478741,0.8060136823272226,0.7735346567866557,0.7881849543571875
6,0.7756617071245502,0.8034331610895996,0.7673592234948055,0.8037668958285277
7,0.7678033051263686,0.7131695573588206,0.7597928696136632,0.7080704695918781
8,0.7721662107824603,0.7871470747279772,0.7570513549473515,0.7408750278990336
9,0.7351058198699413,0.7925144439962156,0.7593240078462561,0.7683027200806781
10,0.6813342925868618,0.638183886763458,0.6656297066204647,0.6733001014651773
11,0.6925481706975457,0.6486360256743123,0.7457409449609274,0.7060684268110826
12,0.6267466771024919,0.6600331482350857,0.6243678843591196,0.674196176616763
13,0.6671916997856989,0.6649074129723308,0.6684740440330824,0.6814414748051978
14,0.7700373828103791,0.8157183849825278,0.7692372414897382,0.8215950524473778
15,0.6645773411995142,0.6590773017364318,0.6392374832966494,0.6693995876169397
16,0.6754714981775449,0.6647759100037834,0.6469871539820962,0.703239138597224
17,0.6388094260577715,0.5903712943920367,0.6607679490853782,0.551744230975187
18,0.8096570186068806,0.7970716968358998,0.7875265423681554,0.9146446418963325
19,0.6524958280340086,0.6643057853120155,0.6572405933487729,0.6127184917807726
20,0.6507855939147013,0.6741589366976884,0.6341859524086662,0.6450378626651877
21,0.639603804980633,0.5897840225826403,0.6471802445887243,0.6211395690291304
22,0.6258434764356222,0.6539811800958638,0.6259777522348101,0.6656879527034106
23,0.664971925072774,0.6381047009828676,0.6570156327003568,0.6079281639240616
24,0.6383425435776214,0.587973280609632,0.631323984417035,0.5685144657356044
25,0.6774469854250459,0.6599570923274353,0.7114784875058204,0.651172880594246
26,0.668942561074869,0.7063597382093842,0.7192878230675582,0.7165350800348711
27,0.6673509744438682,0.685376160699516,0.6808114587769323,0.6957621673292291
28,0.6728831048430535,0.6684002682670239,0.6414302553692092,0.6867161444035497
29,0.6689308119882892,0.5991051388419101,0.6700756991527979,0.6207564358605956
30,0.7035536965784072,0.6355150456548898,0.6731552230560365,0.6733792430252404
31,0.6561581084265139,0.6802904198772213,0.6704591572008336,0.7026164075422927
32,0.6580568522648245,0.6270858302862103,0.6595807926106335,0.6445285723546963
33,0.6529622287174929,0.5468559208817367,0.6543971159184887,0.5456159217716979
