,cor_s,cor_a,err_s,err_a
0,0.7215081405312769,0.6921428571428571,0.7780558229066409,0.5417858904785398
1,0.8340909090909091,0.7185671039354188,0.8613686534216335,0.5619314205738278
2,0.7751004016064257,0.7757009345794392,0.8222222222222222,0.5878080415045396
3,0.7224764468371467,0.7558355835583558,0.5719350073855245,0.8028066779578998
4,0.8051724137931036,0.7605985037406483,0.7371794871794871,0.6654117647058824
5,0.8338607594936709,0.7303433001107419,0.7670364500792393,0.6000793335977787
6,0.5823293172690762,0.7757009345794392,0.6478468899521532,0.6462275449101798
7,0.8204309656823623,0.8204488778054863,0.837377049180328,0.7480572597137015
8,0.7831978319783197,0.7223427331887202,0.6923076923076923,0.6782993799822853
9,0.6939310344827586,0.6383752004275788,0.7299158377964805,0.512984496124031
10,0.8054711246200608,0.6217354675652907,0.6827195467422097,0.47068004459308804
11,0.7007042253521127,0.6775224775224776,0.7383983572895277,0.4336014298480786
12,0.8052149400986609,0.6342062193126023,0.7853314527503528,0.4450704225352113
13,0.7717419354838709,0.6922325354176844,0.6575851393188855,0.5442559753276792
14,0.7827814569536424,0.6039253231211106,0.6905697445972494,0.5395833333333333
15,0.7764705882352941,0.6288870008496176,0.661760840998686,0.4921409214092141
16,0.8478605388272583,0.6288713910761156,0.6426599749058971,0.3890270665691295
17,0.8063439065108514,0.7236238532110092,0.7959689922480622,0.6237
18,0.7530864197530864,0.7558558558558558,0.7057364341085272,0.6269445856634469
19,0.6457230142566192,0.4990501146413364,0.5093541202672606,0.38433868289983397
20,0.8132295719844358,0.7054631828978623,0.8222222222222222,0.6807980049875312
21,0.7763975155279503,0.7069600818833163,0.747758887171561,0.5487577639751553
22,0.7217391304347827,0.705521472392638,0.8005540166204986,0.6748189863234112
23,0.7880633373934227,0.5871908687381103,0.7185185185185186,0.4835286314393103
24,0.7643564356435643,0.7920560747663552,0.5931956257594169,0.6316579144786197
25,0.8823529411764705,0.7423371647509579,0.7484808454425363,0.5955375253549695
26,0.8794055201698514,0.8018264840182648,0.8357289527720739,0.5933118971061093
27,0.8448818897637794,0.8089097303634232,0.817221770917953,0.5931344503473641
28,0.8406189555125726,0.8795580110497239,0.7588582677165354,0.6980022197558269
29,0.7282939632545933,0.6833105335157319,0.6107249255213506,0.614279176201373
30,0.7503889369057908,0.7325905292479109,0.7595190380761523,0.7437133550488598
31,0.7879679144385026,0.7052631578947368,0.6861176470588236,0.5590776415645067
32,0.7854545454545454,0.7605473204104903,0.7460035523978686,0.6118397731300957
33,0.8403547671840355,0.8023529411764707,0.7643356643356644,0.498384324510141
34,0.8264642082429501,0.7877685950413222,0.8669652855543113,0.6848137535816619
35,0.8716363636363635,0.7623271889400922,0.8570119156736937,0.7757483510908167
36,0.7216300940438872,0.7059819413092552,0.5173572228443449,0.48713235294117646
37,0.8460554371002134,0.7777931034482758,0.8138424821002388,0.6516751845542305
38,0.8132295719844358,0.8002607561929596,0.8190064794816414,0.5958254269449715
39,0.7633027522935779,0.514686623012161,0.7413629160063391,0.4512225240800198
40,0.8269896193771626,0.6897214217098944,0.7562331838565021,0.6425405226596098
41,0.8014184397163121,0.6678983833718244,0.8335056876938988,0.4786541643684501
42,0.7824884792626727,0.7902469135802469,0.7101088646967341,0.7583610188261352
43,0.7225433526011561,0.6938260056127222,0.6481268011527378,0.5419626730885009
44,0.7643207855973814,0.7584880636604774,0.7565674255691769,0.37626854020296646
45,0.7583212735166426,0.7440667094291211,0.7171406610299769,0.6895752895752895
46,0.7377104377104378,0.6284745762711864,0.6644262295081969,0.6440825190010857
