,cor_s,cor_a,err_s,err_a
0,0.6326591760299625,0.9248423149275204,0.7809319764327799,
1,0.7519154557463673,0.7321794418933241,0.9338372610048911,0.8786870087840961
2,0.47731397459165154,0.5799687010954616,0.5144338807260155,0.6696774193548386
3,0.4287863590772317,0.4648212226066897,0.3262716935966487,0.5976271186440678
4,0.6064631956912029,0.8231228313671062,0.8427745664739884,0.6929200052541704
5,0.7370928829915563,1.0,0.6535362073823612,
6,0.5773626373626375,0.6453152211772901,0.6220064724919093,0.6917748917748918
7,0.7757070004636069,0.5992015968063872,0.7103993344425957,0.7153846153846154
8,0.5651533742331288,0.3129623228482544,0.55421888053467,0.45643153526970953
9,0.3466,0.4553950722175022,0.3619433198380567,0.33630640083945434
10,0.7833045480713874,0.73320255026974,0.7625806451612902,0.82061337355455
11,0.8156228956228957,,0.7350798722044728,
12,0.6935658448586891,0.6276733743555629,0.7135928525845564,0.5423373419673142
13,0.6671953857245855,0.7233597209177512,0.5850413749204328,0.9661827058974689
14,0.6194968553459119,0.7482349734223798,0.19574977551631248,0.7115436604487699
15,0.6423327412670219,,0.7867892407218249,
16,0.3996679579413393,0.7480727272727272,0.43353021353930027,0.5550597108736643
17,0.5702463054187193,0.3637325145001706,0.44433399602385687,0.7241717218852077
18,0.7459854014598539,0.6171322160148975,0.6174666948614929,0.7311381074168798
19,0.6461415646620543,,0.7231054583995761,
20,0.5284658040665436,0.5899029982363316,0.419402668926075,0.6314947368421052
21,0.5243490178163545,0.6699695121951219,0.48445772843723306,0.5138312586445367
22,0.6727895819054146,0.5683629675045985,0.7326020719073735,0.6057325914685551
23,0.7454411764705882,0.7150179395181958,0.7539422716481319,1.0
24,0.7020237264480113,0.5673782521681121,0.7341719077568134,0.7696534234995774
25,0.6474609375,0.7777443609022556,0.6535519125683059,0.7314984709480122
26,0.5436797121007648,0.7382845711427857,0.5492115280043502,0.8458223857067788
27,0.2534368070953437,1.0,0.18785276073619636,1.0
28,0.6477499141188595,0.773612534778152,0.6558475310424488,1.0
29,0.7697289686730024,0.8831436950146627,0.8517504198423976,0.8305309237849368
30,0.5781294964028778,0.6497751643030093,0.4339483394833948,0.6016524373450841
31,0.3309171131421368,0.4061472915398661,0.2888888888888889,0.8547982366904036
32,0.4476861167002012,0.5262626262626263,0.7103942652329749,0.5727923627684964
33,0.4417549167927382,0.6481632653061224,0.6563758389261746,0.6794055201698513
34,0.578472357882399,0.5282975282975283,0.5634708994708995,1.0
35,0.599235412474849,0.5784933353302382,0.8006055818852028,0.8706611570247934
36,0.7280891289669144,0.7199207790064367,0.5220814789455666,0.7644358228257356
37,0.16186955373646686,0.5073127753303965,0.35588972431077687,0.616039603960396
