,cor_s,cor_a,err_s,err_a
0,0.6446633627772603,0.40112173894026654,0.6176229980159994,0.4294525063803085
1,0.5965981425061234,0.6056604719991017,0.5880202137819869,0.5628995984964131
2,0.41124406640776234,0.5066249177781761,0.40903975101232454,0.5333055327028532
3,0.40770167947076513,0.5136741857716794,0.4079805154252988,0.5151921356913886
4,0.36385437539586907,0.31659576432148867,0.3315930818111042,0.32567447294075896
5,0.7450781321364695,0.6443262018877939,0.6972791550008668,0.6012985677555225
6,0.7063813014917302,0.5828804646227442,0.6750153561198778,0.5862441083814504
7,0.7900862643014086,0.6002990424140691,0.7586292753178331,0.6224778001321017
8,0.4844748112708481,0.25292305330583165,0.4459276889528089,0.30157576813350345
9,0.28321430564221745,0.23749290119579997,0.27418621405406635,0.22938824685727038
10,0.7593611490195213,0.3333730273419137,0.7310309979365001,0.24954778206015618
11,0.6973396255070253,0.3027041403421352,0.7012281352278593,0.2663420182491436
12,0.7161534948855315,0.5999659917934776,0.6785725406546596,0.5905654600850276
13,0.6718037675675472,0.5010651880928976,0.6395346172289155,0.4476505830416365
14,0.4740359003104365,0.35248248213420413,0.4504161239647812,0.37688593812302107
15,0.7193335105471933,0.37284212766859254,0.712486520410089,0.42059986075925526
16,0.36788152685466075,0.5236944911843489,0.34319673397102557,0.5336148684606725
17,0.6061901844270876,0.42711776857844236,0.6205645276871111,0.39358451454087784
18,0.6095508033798268,0.5532840615773126,0.6404444338155543,0.5566663874071559
19,0.7372376470768465,0.6271334804429344,0.7338816022013385,0.5333814645652326
20,0.41865890621000346,0.6164453509538224,0.4004157546901899,0.6396659636302838
21,0.5614191095561113,0.6578626982288581,0.5841971190457295,0.6676460824183058
22,0.683694270669142,0.5103201481454697,0.705725222281448,0.49350919498765533
23,0.5733047361066042,0.5781359200973525,0.5988992149425362,0.5699087472352294
24,0.7544762399363529,0.6942309158437479,0.7770252501446832,0.6903601509463154
25,0.6393206471302469,0.1814854487024587,0.6385110014897484,0.17377799589953807
26,0.622616773786686,0.5373385251780584,0.6385171141674928,0.5547938527879135
27,0.27846351458437507,0.29073694299461705,0.25905341136528715,0.3321953361702911
28,0.641638520494634,0.4900884965851347,0.6306823539810592,0.42986105116879736
29,0.348782847623029,0.39471547378952154,0.3290613272954085,0.36619886138594016
30,0.5405871749587418,0.47367429373833825,0.4964445033800268,0.4975103721057565
31,0.3083451563791356,0.2455603713172068,0.3240851704092213,0.2489686011625021
32,0.4900313720065058,0.4664173524921171,0.5200807610720624,0.5001381112784706
33,0.6177260744833606,0.6197500320568861,0.5987519218686788,0.6382666579679211
34,0.6537012973989554,0.5114588948389999,0.6345060989986046,0.4715369141207797
35,0.40611224659146977,0.33196432210498455,0.3688290224690129,0.2943655135061132
36,0.6537658318908701,0.7408249845104712,0.6486843347722252,0.7185110454336568
37,0.2607046972915967,0.2619673955657463,0.2736904838824973,0.31815549222210737
