,cor_s,cor_a,err_s,err_a
0,0.7775669412321429,0.6493382853529512,0.7688577609736621,0.6372373243474613
1,0.8597162637331462,0.5738545412349297,0.817993367683324,0.5128330418702602
2,0.7399220607646475,0.6549997020987692,0.7348249953435957,0.5798500627076747
3,0.7598113525690672,0.6954739899325817,0.7273633242848186,0.7498460207857829
4,0.8185113391053831,0.706974151713303,0.7896719317358706,0.6200524280064802
5,0.7057373301632232,0.667564897441549,0.7435131375055635,0.6549854912880022
6,0.6803208510122077,0.7240615127989922,0.6779078712756057,0.667080660176329
7,0.8399289091709944,0.7884590865078196,0.8088985818578975,0.7751699553593189
8,0.8245299758314786,0.7154309530907942,0.8073492967012718,0.545458806314994
9,0.7092394397238998,0.6060282184790406,0.7309413529639572,0.59308441451716
10,0.7844435172688735,0.5394688102745819,0.7733466292515289,0.5714620236702415
11,0.7037307115153378,0.6195474996596237,0.6554525960537109,0.6863265161699964
12,0.7517194531859461,0.5694695852524743,0.6766663722588525,0.5533533572100857
13,0.6369845222588281,0.6210353632657617,0.6632723664553947,0.6312560471990133
14,0.6541971588394373,0.5678381618157958,0.6294176054393906,0.5433809217350802
15,0.8073865398760256,0.6013833886891048,0.7286287295169087,0.6306957186701331
16,0.760207598273176,0.5789530627163225,0.7097485386870489,0.5374857570293223
17,0.8054022209275585,0.6356884272875084,0.7519667912425113,0.6793617543080862
18,0.7400147229131041,0.6368922197713308,0.744752229635797,0.6122155763664171
19,0.5608348510751163,0.47843653144754905,0.5291104445984017,0.490322632147788
20,0.832837143429068,0.6381798941467481,0.8298139679907459,0.6458829488780689
21,0.7824984537753391,0.6802234546207782,0.7410027097206648,0.5675668670309414
22,0.7591772150019608,0.6198174090707997,0.7063263316050912,0.6062039915600306
23,0.7709451565815041,0.5921756012276332,0.7270498316662227,0.5445097126458881
24,0.699239405884322,0.6765577021356308,0.6700109544802123,0.6365947811662186
25,0.8737659286665487,0.7230421144829202,0.8053802582918421,0.672508073775065
26,0.8443182842644116,0.7498120179924308,0.8092849362985264,0.7304722249930394
27,0.8623386006176482,0.7478603090373958,0.8631975409647079,0.7297550845215668
28,0.8508068578453835,0.7643845513417487,0.8212845760452131,0.6581216344278987
29,0.7186454050721663,0.6199698354485725,0.6776959826826741,0.6614811149023183
30,0.7490007051839731,0.7462810402170829,0.6920412674914864,0.694110125100892
31,0.7364449666454661,0.6555481741932974,0.6977169856737292,0.5860893013271311
32,0.776004089167168,0.7094656022812224,0.7180034228765672,0.7006333120208863
33,0.7525156870054048,0.7218699505826134,0.7690776221729431,0.5806871745867033
34,0.8458465792605654,0.751264256207045,0.8155501601604804,0.7378592557460424
35,0.8894307591340861,0.6991484602238986,0.8572992872383246,0.7055548347323607
36,0.7043742647233069,0.655884067572996,0.6515725743572666,0.5557159442757951
37,0.8374656743909252,0.7254195688303937,0.8038456991935619,0.6212294447665502
38,0.8320925704033645,0.7870189280976172,0.809151008562919,0.7030418122571552
39,0.7691302200050136,0.5461950599846762,0.7583367525041769,0.49827618298005993
40,0.8366534717657508,0.6694186434940808,0.7566787704135802,0.6959272569690036
41,0.811556780719354,0.6075245800865714,0.7205946937794656,0.6360649416277084
42,0.7906430571225371,0.6646833206556061,0.7526101560037111,0.6538454683874394
43,0.7385549672786653,0.5782400947862688,0.7240439324498056,0.5394713066365737
44,0.8124796692471459,0.648307303574108,0.8342992664071275,0.6816634563598573
45,0.7713498370489881,0.6948213640782102,0.7474277769878025,0.6205903699235723
46,0.7683823599674662,0.603500837807021,0.6946186345143486,0.6095885153285293
