,cor_s,cor_a,err_s,err_a
0,0.7285040524866468,0.6799992458453803,0.7357412339581257,0.6793836256562349
1,0.7946392700245627,0.7596483032052129,0.7920174282323001,0.762680970814428
2,0.460364520895891,0.7155972815315528,0.4699724026789184,0.7198268117271078
3,0.8325094865409306,0.8455985745390808,0.8171405111490432,
4,0.6785543413633564,0.733897246446618,0.6709958254641895,0.7517101519127967
5,0.7144012377591414,0.6743325845303059,0.7286009438112536,0.6933190639604764
6,0.7235076031466067,0.8442505733309608,0.7268435463296886,0.985087821816002
7,0.6040700625055792,0.7304977955878107,0.5988950876465767,0.7334990141887274
8,0.5453564729620382,0.7277204298770042,0.5428688304421796,0.7315409667176398
9,0.6088733686093111,0.6309234604565995,0.6138564297928221,0.6248240475357743
10,0.7602451642873111,0.8245390334210948,0.7783479174217149,1.0
11,0.8007940650186828,0.7918907070724017,0.8208793134269746,0.7727095637068419
12,0.8198302076690533,0.7969731047579136,0.8538836807898555,0.7952978390413169
13,0.7268743460122852,0.7886370485418522,0.7363912258803599,0.7615642632786972
14,0.7647624149917934,0.6493630483510648,0.7740217190566493,0.638637850635766
15,0.80977150885635,0.8616663695155742,0.8148979459878113,
16,0.5845963775920998,0.6529269431638091,0.5777151909544501,0.6681973061988318
17,0.7930589250931854,0.7962016354329821,0.791430257677191,0.8489008428833815
18,0.7624489211514068,0.7920542167079199,0.7559400160657623,0.7673546771699084
19,0.6739769917269197,0.7878966370645735,0.6769394310972953,0.7689130662955707
20,0.7087604444008047,0.7323085140525217,0.696612617382466,0.7173894255931139
21,0.6399917889328859,0.7262643032692275,0.6393616783464294,0.7192907027034124
22,0.7596191780773629,0.8822166488878022,0.7748959424849727,
23,0.7494822525698248,0.8384510778245157,0.7498561362570696,0.8415226059825323
24,0.7565754321601037,0.8480959912150712,0.7526778713985729,0.8373081850999664
25,0.6086019921038982,0.7996109242042498,0.6236168595239783,0.7955643520848343
26,0.7951770801669118,0.7703014412521847,,0.7725883247302366
27,0.7829765670783945,0.8411484435979933,0.7701203762205999,0.8458549636464372
28,0.8295358610437582,0.8509349746850392,0.8233496413297929,0.8477924784858195
29,0.8209729438612405,0.8112632608334339,0.7940029232496045,0.8303615804603246
30,0.6716417902435292,0.8215239691410957,0.6528324245359428,0.8328130003796517
31,0.7604332108112062,0.8347129362214021,0.7618274556771012,
