,cor_s,cor_a,err_s,err_a
0,0.7982596867312881,0.8086314870775357,0.7507493863415788,0.7474824855456009
1,0.8005527150752993,0.8467945597083509,0.7851466310672417,0.8129781551710116
2,0.7292840458801062,0.760752421170615,0.6990034172061637,0.7736374431602956
3,0.8564998576580087,0.8700099957649242,0.8019240282099394,0.8468011854640146
4,0.7341786186257033,0.7743264715596492,0.7558770302051799,0.7403943479600225
5,0.8416613289586496,0.8575102643011772,0.7985623489942394,0.8012187318664857
6,0.826023071352672,0.8510588659591902,0.8116629315087206,0.8171767490788004
7,0.8255311518418721,0.7563299717725216,0.8203864600712605,0.6909651181024498
8,0.8393840300812385,0.8672299382026192,0.8093640814328589,0.8582658343882956
9,0.7928105372311033,0.8308612584236985,0.7809332822558546,0.819990091533198
10,0.7043770845919938,0.7475895222577266,0.699540108888301,0.7206889683550881
11,0.7819408597464376,0.7258449306250518,0.7844192109744088,0.6468088057697046
12,0.7555915380074202,0.7841403995220387,0.7553283365110077,0.7717256221458771
13,0.766030978458697,0.7112266451644206,0.7826292944898575,0.6976610748385712
14,0.8390232135915144,0.8415757905930561,0.8063050760777646,0.836686366375469
15,0.734105825300721,0.6944416721100075,0.7275734102281155,0.6973617399192223
16,0.762843171311404,0.7817357124487614,0.7376854865269294,0.7404396307418499
17,0.687260016241632,0.6954305627884785,0.653561701571494,0.6850979252000721
18,0.8772776004212202,0.8895484799262453,0.8470195392552581,0.8814242309371937
19,0.7748605749734379,0.7911758076577234,0.7732425833674378,0.7849866188116134
20,0.7307687287958805,0.700850383402197,0.7271862943045381,0.7091387137086554
21,0.72761937797675,0.7242226601850423,0.7234725448945951,0.6948517246247797
22,0.7677223614578117,0.6799391468382726,0.7413753815067745,0.71227588909167
23,0.7592043216474514,0.7490927575119535,0.7799336544970662,0.7416340746129317
24,0.6724702778255605,0.6397451589267852,0.689554304955155,0.6047332133843755
25,0.7884134607703671,0.7558863916728986,0.76527740188851,0.74337527676882
26,0.7815979873734629,0.7507995504597715,0.7721069927375344,0.6837138877795361
27,0.77753341389365,0.7861697832075635,0.7794141196425024,0.8089531773959292
28,0.7369902995435943,0.7508213978488634,0.7406162266470087,0.7175469087412679
29,0.7382095795309355,0.7012025426608058,0.749531269557353,0.6858473983807104
30,0.7458330575647063,0.7110310504178124,0.7071644876617478,0.7082547125513995
31,0.7359957587378548,0.7048326490836065,0.7132283457614244,0.6937992363796176
32,0.749421421007029,0.6926944568460118,0.7563348459277891,0.6830587906303066
33,0.7551364822508287,0.6693197448011526,0.7336860440664136,0.635270710132845
