,cor_s,cor_a,err_s,err_a
0,0.7488328664799252,0.7423133235724744,0.7624874623871615,0.6507670850767086
1,0.7329896907216495,0.7073752711496746,0.8249110320284697,0.6872690963554667
2,0.789086859688196,0.7496274217585692,0.8190954773869347,0.649367088607595
3,0.7971473851030111,0.7244897959183673,0.7677621283255086,0.5308228730822874
4,0.6824506749740394,0.7698675496688743,0.6652406417112299,0.6225
5,0.8240549828178694,0.7473214285714287,0.744561403508772,0.6982646420824296
6,0.7137096774193548,0.7945205479452055,0.6892156862745098,0.7375
7,0.7467411545623837,0.8023255813953488,0.7295774647887324,0.6806573957016434
8,0.7858439201451904,0.778675282714055,0.7567272727272726,0.7136690647482015
9,0.6653100775193798,0.6962421711899792,0.7200854700854702,0.634849167041873
10,0.7023057216054654,0.7026022304832713,0.7155555555555555,0.7109839816933637
11,0.7867924528301886,0.7177285318559556,0.7176368375325805,0.8007722007722007
12,0.6947791164658634,0.746942615239887,0.7588875453446192,0.6844484629294756
13,0.7454545454545454,0.6992700729927006,0.6660944206008583,0.6741474147414741
14,0.6916666666666668,0.6889692585895117,0.7399747793190417,0.6515426497277677
15,0.7784269662921348,0.7552674230145867,0.7160194174757282,0.7971887550200802
16,0.7795698924731183,0.825817555938038,0.6896405919661733,0.8384754990925589
17,0.8445873526259379,0.7664670658682634,0.8406976744186047,0.7056936647955093
18,0.7763440860215053,0.7280550774526678,0.6085616438356165,0.5143179255918827
19,0.7614643545279383,0.7478190630048466,0.6688935281837162,0.669199676637025
