,cor_s,cor_a,err_s,err_a
0,0.65178629304922,0.6816386978328413,0.626546793780029,0.6986634212380737
1,0.6101024683454931,0.629398199111101,0.6083831802468185,0.6701207205068389
2,0.7375387444590294,0.7122752155497346,0.7653725738682847,0.6861985545819749
3,0.6682645708185284,0.5732709512675029,0.7127987086305921,0.5943549901198322
4,0.672783738904335,0.7479260430574095,0.6765281998218375,0.6891411632335079
5,0.7322202587273446,0.7226449192906734,0.7428940918717294,0.7644472627275946
6,0.6736193347134949,0.6883612755661069,0.6687130004856428,0.6901021976394764
7,0.7172849836273792,0.7721909353693283,0.7196069307969318,0.7752412021529774
8,0.7772917130527591,0.7278966288288057,0.7943677250954241,0.780284507901068
9,0.6511420455028614,0.7015420124797658,0.6790274196552856,0.6934689849027611
10,0.5992804274902009,0.6035529311979135,0.6492458437576183,0.5683473127878964
11,0.7093640406254603,0.7297947524972931,0.7247605889737256,0.6577305737980086
12,0.6850743730544679,0.7464569666390164,0.6655383862996418,0.823859314052376
13,0.6661692591533633,0.6503474648092228,0.6357059830334766,0.6753536618909112
14,0.6230138260229074,0.6727272725794265,0.6137379055519091,0.6928379802800343
15,0.7249173603451714,0.7196507855560345,0.7435019968336125,0.7548062374438621
16,0.7402118115666114,0.7376730224399778,0.7609816112584841,0.7703012220333673
17,0.7476327702451628,0.7379570615647039,0.7477818969678665,0.7345569293850268
18,0.7492685025739797,0.6802434220586168,0.7357423495435196,0.6490935320538029
19,0.6210428398786983,0.6786354033383437,0.6378007458414554,0.6710336891692412
