,cor_s,cor_a,err_s,err_a
0,0.8501145199987631,0.8829117734495533,0.8547451849832189,0.9065445603135642
1,0.8739174972173721,0.8283401902368371,0.8345254681101549,0.7850379492109187
2,0.8028716120573792,0.8267162181505939,0.7818007910121884,
3,0.8261965060522658,0.8689183822122565,,
4,0.8645546128245295,0.8440864789155859,0.8072499674297697,0.7999868463494543
5,0.8671425968548773,0.8477112585789445,0.7944549035478449,0.8025799754968778
6,0.8563316576614676,0.8503954667116482,0.7834255359579058,0.8004006123968691
7,0.8299897106637717,0.757010705914115,0.7993886811926892,0.7908232129980884
8,0.8161252708376492,0.784376384255456,0.7667955415285531,
9,0.8203471766850633,0.7340380526459999,0.7683374363086921,0.6680779782629301
10,0.8280457332744638,0.7373166607432223,0.7456723105372415,0.6512344376002929
11,0.8316439944331345,0.7440322277162349,0.7821561009101549,0.7070415105781943
12,0.9063725727471973,0.8325253239652278,0.882422368114835,
13,0.878742909520498,0.8377513025374056,0.8471069470985197,0.8507188097352919
14,0.8579453759789771,0.7896607576610405,0.8536493136859061,0.7971113844381388
15,0.89183997540291,0.808164208210694,0.8496950557154297,
