,cor_s,cor_a,err_s,err_a
0,0.7435986888192911,0.6550097488751787,0.7365628403303112,0.6620991148934858
1,0.8250561434702608,0.6090125263627378,0.8120469625383421,0.5437001052286204
2,0.6538508195351861,0.7079109501014957,0.6169781945575818,0.7100007155422156
3,0.7151168381545006,0.6627714593874352,0.6902137753591175,
4,0.7629295258035182,0.636301500359426,0.8092103472496358,0.6780341828998028
5,0.8046711447136237,0.668149730858923,0.7661727590601757,0.6199555844880257
6,0.6341144174340017,0.6705202954301597,0.6180031091282855,0.7089256170399885
7,0.8019996043452216,0.7926572339073343,0.7749874276965372,0.860387881867075
8,0.7587093944731118,0.6506015277636439,0.827419066359201,0.6654015593387784
9,0.6890427414684077,0.5993052281174798,0.6779408878729047,0.5964630849959247
10,0.7473165504520598,0.5443770962476662,0.7455788928519185,0.5942810013613052
11,0.6380774439416558,0.6242455804629327,0.6244788504637155,0.6315462978303216
12,0.719276778844785,0.5683944446823505,0.7208704480156859,0.6334707427315507
13,0.6514644499555411,0.6022811686882455,0.6583127408904035,0.5930964960449587
14,0.6794494382901931,0.49107669589748754,0.6871239345980533,0.48715627140455614
15,0.7495285818824918,0.5927459509066314,0.7877441816572127,0.5695136851575309
16,0.7258301085490063,0.5708864266981766,0.7178178171836518,0.624781587703837
17,0.7440407942394773,0.6325051605313713,0.7716760366558206,0.6275567592701795
18,0.691386750510351,0.5380470330227514,0.700655454278955,0.5508099753219342
19,0.45871771060866495,0.4786837403843518,0.49435299877201516,0.4751099722962443
20,0.8010709522148215,0.6538150730679336,0.7572297968611854,0.6963407359479341
21,0.7374804841817162,0.6394849890779588,0.7542514628797291,0.6359845664268192
22,0.6891650992484161,0.6185520402829795,0.6917581233549723,0.6982785132944757
23,0.6967128803933782,0.5736942524522574,0.7090330253193926,0.5852201341988088
24,0.6148604816810852,0.6723613881083099,0.6533843210711814,0.6564356512440558
25,0.8169702445562008,0.6766841137051458,0.8462579662545336,0.6899852875977882
26,0.7688666501634255,0.6661332878485289,0.7527986290003202,0.6848750589017477
27,0.8042888102592103,0.7408750713264776,0.7897419438780517,0.7872044013874613
28,0.7607297411702447,0.7950560214888207,0.7253240482698923,0.8469205885088467
29,0.7264090837785684,0.6276224766613893,0.7206121115420927,0.6607108360247835
30,0.6948484351338206,0.7521441181629035,0.6928256952757914,0.7313786268655394
31,0.6862899144884295,0.6294514597538821,0.6328188888314416,0.6833226456089376
32,0.7361961001073081,0.6712643691013498,0.7438351850739261,0.6405164796791634
33,0.6238559803430417,0.7283222250015836,0.5957282145691718,0.7066358222488852
34,0.7919477561703459,0.717826699036861,0.7743921230787446,0.758339346887121
35,0.8285934048252948,0.6950204538346297,0.8545810990987083,0.760873954919276
36,0.6484323989996318,0.6386214691086202,0.6527782230832861,0.6783736861301198
37,0.7589595103843135,0.7356925564202745,0.7587801037472824,0.7454572762564777
38,0.7303551127140763,0.7681338783329961,0.7239686306088029,0.7455672370633598
39,0.7087188372791607,0.4879750444405119,0.696140541855975,0.4468837128973584
40,0.7156543800212585,0.6569128855582326,0.7249773056004584,0.5764092475787407
41,0.7592191723505163,0.6050006109411833,0.7636316142680653,0.6811821900029345
42,0.7009800102232823,0.670812773206056,0.7065389072019075,0.6293896679982217
43,0.6565658879049869,0.4307616661112264,0.6346323472958242,0.4132763442102572
44,0.76971194358303,0.637327066582274,0.7331377815351683,0.6662654861653551
45,0.7365526264065425,0.6862538260513191,0.7106211079898774,0.7243200515148136
46,0.7073430885411282,0.576001082035467,0.7361657896273599,0.5883149989048577
