,cor_s,cor_a,err_s,err_a
0,0.7684286005632522,0.7039775759622139,0.7093854750629623,0.6197256499530996
1,0.8039829209499694,0.6968000734618177,0.7976530373133284,0.694794031035718
2,0.7927365281294644,0.7761280266610259,0.7536638995781593,0.6958856031933613
3,0.7273883291079506,0.5991765618121476,0.7623498098535989,0.6408902705355374
4,0.725710173862625,0.7476713065633325,0.7066086692670703,0.7235065393152474
5,0.8452911805950987,0.7883021267919396,0.836518943375353,0.7275605243562508
6,0.7601759734192881,0.7802164081822572,0.7274741945719726,0.7272083909821231
7,0.801025981946254,0.8231437138799579,0.7835497890663253,0.7092644014209553
8,0.8394504853117017,0.7595501124575782,0.8215445208653284,0.6987544329413655
9,0.7558006662999252,0.7237189896401118,0.7363056418315819,0.670843281379554
10,0.7396068203936245,0.6819638838662763,0.697821929856055,0.5849762937570564
11,0.8192507011233728,0.7493233351464038,0.7886854952225865,0.7474979964118216
12,0.740393065910476,0.7863855890904387,0.7456303026626951,0.7036562980882244
13,0.7770533886501413,0.712671445082434,0.7573358468961766,0.6796898920387022
14,0.7406054105768,0.7335618125883447,0.7446697588698475,0.6830865254888696
15,0.7605897739702969,0.7541752597291576,0.7646012186575564,0.7125531630358395
16,0.7947768239570454,0.7483871495160248,0.7331495951663047,0.7190235096393294
17,0.8145599971990419,0.7786981579995026,0.777897877864593,0.7678597072306635
18,0.8081178654853944,0.7327421079198705,0.7354255911598073,0.7035034475502486
19,0.7130613812731423,0.7290495405082766,0.7187800098381837,0.6965243301832671
