,cor_s,cor_a,err_s,err_a
0,0.8393557417310565,0.8710125069780243,0.8533506897015114,0.8874077693800952
1,0.8451602623916915,0.7815374132212903,0.8604877411157316,0.7818557633829162
2,0.7812972933340853,0.7982647007427252,0.7749856989858884,
3,0.8209490262510868,0.8560211630700917,,
4,0.8348375884855236,0.8167864179540377,0.8321660416335583,0.8228027830214207
5,0.8361023746320159,0.8205938280286241,0.8469189001318059,0.834810465165296
6,0.8110734432348291,0.8165076359095877,0.8098098780003297,0.9327576181780469
7,0.7914998512026137,0.7245712303606727,0.7957782692914229,0.7076858765823769
8,0.7703781992312289,0.7426888959289523,0.7631674110142951,
9,0.7217262288575096,0.6155532535229905,0.7400054402189826,
10,0.7939603482666849,0.7011708228625958,0.8076024258300173,0.7208310798917971
11,0.8139505670761636,0.7118304349216341,0.8269272013679713,0.8138881506051118
12,0.876645841407811,0.8206452558667124,0.8969763935552738,0.8192621043156464
13,0.8348999567958394,0.8133289764442305,0.8046243443724008,0.7892835893016427
14,0.7996933722947458,0.7627672431202038,0.8060096354218792,0.7859305978593509
15,0.8655571290120783,0.7848648212110717,0.8881259450478587,
