,cor_s,cor_a,err_s,err_a
0,0.8186610426553326,0.783469318083523,0.8165295459295868,0.7477591881755679
1,0.8277335431834675,0.8113611189942569,0.8055135695503258,0.7703494072841809
2,0.597755392265003,0.7691754841900688,0.6223186593818125,0.7800643931947641
3,0.8809920632220678,0.8877892835348163,0.8261708068994864,
4,0.7377977076842663,0.8012095542856249,0.6703841873306509,0.7360394267861393
5,0.8367207846489947,0.8102164246121357,0.8033642962697651,0.7993203206561547
6,0.7996749574887372,0.8876131863082101,0.8094725419308935,0.8509423080262711
7,0.7448368503536839,0.7867685082432585,0.7283255222330165,0.7481226727965573
8,0.7678689400712014,0.8083130140962425,0.7707121963415947,0.7633261662778019
9,0.7153906222461169,0.6674320064793401,0.7259675597959978,0.6785619771931158
10,0.8692833185920392,0.877964336701631,0.7880724016827009,0.8529100300571841
11,0.856771410191608,0.8028139002860952,0.8354094871817963,0.7373843790272153
12,0.8715760968892126,0.8612040237726567,0.8332280856456946,0.7762907958568476
13,0.7774735994162776,0.8173874801715418,0.7219412609389071,0.9322608803515369
14,0.8301304353260356,0.7598706106790926,0.8127563141868585,0.7794800961722698
15,0.8587085251690154,0.8968101374622213,0.8109423459737956,
16,0.6784309815894448,0.6934816202276219,0.662743999738296,0.699186931699284
17,0.8653583813164929,0.8557587164791567,0.8116615615120163,0.7890073548422734
18,0.7951590320467955,0.8344110451794731,0.7946914459151014,0.771997402876591
19,0.8230268158905587,0.8557084624117387,0.7765378699405501,0.7765811825932378
20,0.7659562656873595,0.8097687341831321,0.7543779829003733,0.6997115613382234
21,0.7754689324495747,0.8079879825507366,0.7665366238151754,0.7995002821241797
22,0.8677443211071939,0.9132338685126247,0.8384519840062756,0.8925488606562003
23,0.8314084007427407,0.8765211762791054,0.7993267150938854,0.8217206013157388
24,0.8424201132791254,0.8833513825158991,0.766084313634159,0.7722829956979719
25,0.7690635855770647,0.8556178090623578,0.7506312086469549,0.8561696137459142
26,0.8695128888770297,0.8637500023020018,,0.7876209438863679
27,0.8293261865546269,0.8846951183818812,0.7543233855447332,0.8312169868916057
28,0.8407811293861716,0.8578849733480656,0.7770706160458897,0.7904658449830324
29,0.8616618798604566,0.8434077371587676,0.8654613276263793,0.8022869241189181
30,0.8115966339901178,0.8623442153388946,0.8104103979390873,0.9559514770991328
31,0.8442375878830157,0.873845076355417,0.8052939343577322,0.7275531613807792
