,cor_s,cor_a,err_s,err_a
0,0.6076485371255405,0.454203409998656,0.614023661304576,0.4328166518605486
1,0.4791825088740277,0.44394971895193697,0.4992376173371182,0.46232556133534924
2,0.48282870296252905,0.5989302557789835,0.4917081981565511,0.5823860437318235
3,0.3889012793454037,0.5274060011918508,0.4042146145912789,0.5520370048312676
4,0.46274868188217894,0.41345849968676274,0.4842278614438753,0.447826476096172
5,0.6378702082795631,0.43499542367128285,0.7020603269661144,0.4022943056394052
6,0.6130180448664394,0.561854632742347,0.6127585886888282,0.5346916763484271
7,0.6912058277158364,0.5151091253783746,0.7000547408644772,0.5723709732123271
8,0.43403505255474,0.41524433944892825,0.4206660656764445,0.42359685083764237
9,0.3975589047462023,0.3824253985337551,0.40782736063782593,0.356496761245943
10,0.6918455598744874,0.4489031125911547,0.6537993306871039,0.4888585903973073
11,0.5943489182265124,0.4388159052460897,0.5949624092780822,0.41486578947596064
12,0.6454052847624616,0.5436642289415651,0.6547202684442495,0.5793657726923465
13,0.5749149518269997,0.4446675263110033,0.5502818802102492,0.47301176917863574
14,0.4483788516595083,0.4563266319254648,0.3991530212917131,0.48961220549411827
15,0.6526147638317056,0.4173687272519519,0.6627710288072187,0.47189776847117093
16,0.3954482853193851,0.5462973982384329,0.3921754761731433,0.5904292731308611
17,0.5544963228024554,0.38532875355061674,0.5497869558196252,0.4292936309117516
18,0.6009131773431917,0.5097345144457404,0.5868041038327192,0.4930210152579748
19,0.610009042944258,0.47884755425875314,0.6231762745578079,0.48350118093887073
20,0.4284040230478902,0.6650968552788655,0.42972605294789135,0.6674783980920246
21,0.5411669132514939,0.6960175309559697,0.5650667028642726,0.7064558354261666
22,0.6258916882326427,0.48091810959551,0.6226115549342897,0.49220721082819485
23,0.46212247330840045,0.44107204050083876,0.4250038999307767,0.46342010456137867
24,0.6441465083884447,0.6526249514759963,0.6675588841552013,0.677696217125211
25,0.5984713407298557,0.351472225009863,0.6424198642929926,0.3677433844924315
26,0.5537390913738572,0.46950133513987363,0.5789841267323327,0.44548702601431556
27,0.44281446448145523,0.4308826210863099,0.4293926087840241,0.4601952985999345
28,0.4914190430973625,0.4337119177068525,0.47149318598083234,0.4210094377825884
29,0.46103575456775225,0.4655533467750018,0.44004017270196844,0.47700962912742445
30,0.5020816019301378,0.5333165669738485,0.5172057581406145,0.5352205111896239
31,0.4204002131044817,0.37389327589900156,0.44212684216682274,0.3764464080964826
32,0.5251385488939061,0.5082440008462895,0.5392949158697767,0.5045828187666506
33,0.4974102835715322,0.525603172612906,0.4921458142611103,0.5736933637419614
34,0.5636825516737386,0.4647484198614054,0.5843696714179474,0.4848802674244552
35,0.4478700405876235,0.3740359458734815,0.4865760330689708,0.43356946588343004
36,0.5929954560909635,0.5680810618568856,0.5784444204369754,0.5373853159267252
37,0.41467096981394674,0.3478478964297864,0.4333360073097229,0.36886126584250056
