,cor_s,cor_a,err_s,err_a
0,0.772340425531915,0.8025830258302582,0.7386091127098322,0.7877952755905512
1,0.7954022988505747,0.852760736196319,0.8175,0.7995594713656388
2,0.7165354330708662,0.75,0.6550964187327823,0.7249999999999999
3,0.86810551558753,0.870561282932417,0.8643216080402009,0.8354430379746836
4,0.7221510883482714,0.7868480725623582,0.6620000000000001,0.7487437185929647
5,0.8641791044776118,0.8162790697674418,0.8293478260869565,0.8329177057356608
6,0.8373205741626794,0.8275862068965517,0.8678304239401495,0.8460850111856824
7,0.8567708333333334,0.803680981595092,0.8528610354223434,0.8314087759815242
8,0.8141592920353982,0.8264462809917356,0.7580993520518358,0.8310880829015544
9,0.806372549019608,0.8062360801781737,0.8283819628647215,0.8383863080684597
10,0.7247956403269755,0.6982543640897756,0.741317365269461,0.7120000000000001
11,0.7583732057416268,0.7368600682593858,0.7847769028871391,0.7360160965794769
12,0.7228915662650602,0.7650727650727651,0.7608695652173914,0.7648960739030023
13,0.7327044025157233,0.6793478260869565,0.7659574468085107,0.8253333333333334
14,0.8399209486166007,0.8448275862068966,0.83640081799591,0.8099009900990098
15,0.7044854881266491,0.641025641025641,0.7621776504297996,0.7369791666666666
16,0.6704871060171921,0.741645885286783,0.7310126582278481,0.7514285714285716
17,0.6041666666666666,0.745386064030132,0.6828025477707007,0.7067499999999999
18,0.8293333333333334,0.8488372093023256,0.7310541310541311,0.8292993630573249
19,0.7687979539641943,0.7512304250559285,0.7576662143826323,0.7908163265306122
20,0.696969696969697,0.6356164383561644,0.6993920972644376,0.6978851963746223
21,0.6462882096069869,0.6517055655296229,0.6717557251908397,0.6899766899766899
22,0.7547169811320755,0.6436464088397791,0.6830508474576272,0.7021276595744681
23,0.6689480354879594,0.690648854961832,0.7285318559556787,0.7681498829039813
24,0.6756756756756758,0.7377099236641224,0.7509433962264151,0.5667938931297709
25,0.8092391304347827,0.7194244604316546,0.7694524495677234,0.8017094017094017
26,0.8034188034188033,0.7569803516028956,0.7679758308157101,0.7237635705669482
27,0.8189415041782729,0.7925,0.8236768802228411,0.8311345646437994
28,0.7089408528198076,0.6673346693386774,0.7823343848580442,0.7177033492822966
29,0.6700507614213198,0.6448801742919389,0.6666666666666666,0.6948356807511737
30,0.7455587392550144,0.7045945945945946,0.672782874617737,0.6329479768786128
31,0.7285318559556787,0.6700507614213198,0.7,0.6827785817655573
32,0.6700507614213198,0.6448801742919389,0.6666666666666666,0.6948356807511737
33,0.7252747252747254,0.6403606102635229,0.7313019390581718,0.6499102333931777
