,cor_s,err_s,cor_a,err_a,Participant
0,0.13023305224478257,0.12604876755897165,0.12995668766330215,0.12884001030529435,0
0,0.15761756516666225,0.1587173895353568,0.13015049621606925,0.14357654278895338,1
0,0.14671833892184682,0.1389708447843231,0.1361812439028291,0.15755482906781249,2
0,0.14668772580802658,0.13699897841910355,0.12529363882381883,0.1271626478267547,3
0,0.13569241062894283,0.1414076501557967,0.12735431152903856,0.15731020519277233,4
0,0.14069184086311537,0.1367785843920145,0.12562745802182973,0.13202886394473912,5
0,0.12881127092997435,0.14974571686203786,0.1233551809607124,0.11751102703700288,6
0,0.13597302381061616,0.13673243833905713,0.13327048993790436,0.12756623073935,7
0,0.13375831012827832,0.1286068026250794,0.13269958668696974,0.13256327543424318,8
0,0.13813355824568366,0.14662510322047895,0.1295144959597606,0.12950290491710353,9
0,0.17899087411648923,0.14628901734104044,0.13366739141688666,0.1476581844990369,10
0,0.13702186479014827,0.1517199238846994,0.13080055289596115,0.15285581986562558,11
0,0.13910137833311864,0.14647793962423472,0.16686403231915165,0.12940933140933142,12
0,0.13692106369159057,0.14190800352541233,0.13363594004814786,0.13906780850765132,13
0,0.13309706526717086,0.13128783382789316,0.1419084749863892,0.12969443643701353,14
0,0.1441045771107221,0.1472180270859883,0.1549325451811669,0.13252254213046452,15
0,0.1380676895174855,0.13767921843877462,0.15342432814710044,0.15268600682593858,16
0,0.15015218811234488,0.16778224974200207,0.1479823667991339,0.1479819481007898,17
0,0.12073416355422005,0.13882741024239112,0.13367687134113204,0.11928623629719853,18
0,0.13805042683815788,0.12968003763033423,0.15553539330651373,0.1438327871045415,19
0,0.1350880077873768,0.13610185773822137,0.13511983395841679,0.1533509340196122,20
0,0.1429496478536601,0.13647167176843356,0.14627225506000358,0.13295439142778642,21
0,0.13542558486809356,0.13048166750376688,0.14099046399089096,0.1423420565869699,22
0,0.14057988165680468,0.1292753787022383,0.13570917276949818,0.13243737841282618,23
0,0.15891333792054463,0.13598289147477274,0.13705756450351836,0.1420848354555978,24
0,0.14905255839431436,0.13922056730201715,0.13202034044039604,0.14174823014041543,25
0,0.1329635701275046,0.13191961970613658,0.14662797187186072,0.12811431316042265,26
0,0.1282793909219755,0.1503233698069567,0.14953086652822356,0.1437293217095471,27
0,0.13278894530158886,0.14162200419030097,0.13352091920275536,0.14312265056935103,28
0,0.14080634102987316,0.14801283822939415,0.16616732440228643,0.13581592440162785,29
0,0.1450231527697508,0.14542798536164658,0.13562707670554966,0.14102487333026248,30
0,0.1367704036452044,0.1348456361668998,0.1425528657148769,0.13686734596705075,31
0,0.13743766925355774,0.13533355565930766,0.1351571072319202,0.16241213557606016,32
0,0.13353206041607296,0.14128713184841124,0.13096972974398882,0.12485429504942307,33
