,cor_s,err_s,cor_a,err_a,Participant
0,0.14238773274917854,0.22549019607843138,0.12942366026289182,0.11382113821138211,0
0,0.13985148514851486,0.16828478964401294,0.16071428571428573,0.1488095238095238,1
0,0.15973377703826955,0.1403118040089087,0.13918305597579425,0.15180722891566265,2
0,0.12012320328542095,0.125,0.11038645418326694,0.19827586206896552,3
0,0.1550632911392405,0.1717171717171717,0.1837837837837838,0.23391812865497075,4
0,0.16,0.16470588235294117,0.1346938775510204,0.15714285714285714,5
0,0.1334867663981588,0.1952191235059761,0.14361702127659576,0.16201117318435754,6
0,0.1544532130777903,0.1724137931034483,0.1395112016293279,0.16521739130434782,7
0,0.1600877192982456,0.14563106796116504,0.12269938650306748,0.19117647058823528,8
0,0.14094775212636695,0.13945578231292516,0.1413160733549083,0.08947368421052632,9
0,0.1896551724137931,0.16352201257861634,0.15434083601286175,0.1511879049676026,10
0,0.15604681404421328,0.16524216524216523,0.10543130990415335,0.25477707006369427,11
0,0.1443932411674347,0.13981042654028436,0.1733490566037736,0.19771863117870722,12
0,0.17293233082706766,0.1752988047808765,0.17391304347826086,0.15736040609137056,13
0,0.15977011494252874,0.17408906882591094,0.13804713804713806,0.16,14
0,0.16412859560067683,0.13255360623781676,0.1673469387755102,0.1444141689373297,15
0,0.14488636363636365,0.1919191919191919,0.17516339869281045,0.15895953757225434,16
0,0.14505119453924914,0.15324675324675324,0.16477272727272727,0.21634615384615385,17
0,0.16188315481986368,0.1935483870967742,0.14345454545454545,0.16,18
0,0.12743628185907047,0.19230769230769232,0.13245033112582782,0.12947658402203857,19
0,0.1689419795221843,0.13983050847457626,0.14535901926444833,0.13016528925619836,20
0,0.1564327485380117,0.14893617021276595,0.15201900237529692,0.14444444444444443,21
0,0.12167300380228137,0.15019011406844107,0.1444991789819376,0.14314928425357873,22
0,0.18,0.14634146341463414,0.17105263157894737,0.20224719101123595,23
0,0.15354330708661418,0.13302752293577982,0.16317016317016317,0.1504424778761062,24
0,0.11653116531165311,0.13756613756613756,0.17380352644836272,0.13548387096774195,25
0,0.16502463054187191,0.16883116883116883,0.16393442622950818,0.19444444444444445,26
0,0.19933554817275748,0.13178294573643412,0.15699658703071673,0.19101123595505617,27
0,0.1540880503144654,0.1336405529953917,0.17708333333333334,0.15789473684210525,28
0,0.174496644295302,0.20647773279352227,0.15719063545150502,0.15384615384615385,29
0,0.12627986348122866,0.19047619047619047,0.14028776978417265,0.18468468468468469,30
0,0.15076923076923077,0.16203703703703703,0.15605095541401273,0.1939655172413793,31
0,0.14429530201342283,0.19838056680161945,0.13712374581939799,0.13675213675213677,32
0,0.12631578947368421,0.22988505747126436,0.14432989690721648,0.14893617021276595,33
