,cor_s,err_s,cor_a,err_a,Participant
0,0.15036641608458096,0.13714462281574086,0.15963262196855144,0.13426982150269823,0
0,0.14873903991535692,0.15684058356078362,0.13834722222222223,0.15451979826161605,1
0,0.1374960656009277,0.13074362450771515,0.12863084041097378,0.12862957355538734,2
0,0.13114406373326448,0.14351985843491932,0.12985202422403788,0.12503329736395868,3
0,0.13876723091402615,0.14030475512421778,0.13454920355824956,0.1350931159152955,4
0,0.12983376570412244,0.14138552059350212,0.15494709081918573,0.11908272181454303,5
0,0.13934507727223605,0.16032491530643667,0.13830556336961464,0.14555479271190916,6
0,0.1281604731136734,0.1290288202493578,0.14942517006802725,0.12014313346228239,7
0,0.15819856059632437,0.16709103199639475,0.13155020518010252,0.14681218374838778,8
0,0.13424604079564167,0.14658997178207078,0.16391525423728814,0.13390717650318645,9
0,0.15342719334119176,0.1513026924445499,0.1295290851627232,0.15335255093981992,10
0,0.13012818645302257,0.1512576617480137,0.1552076722708975,0.1487747747747748,11
0,0.1335005568750587,0.15091203830906308,0.15050073720183332,0.14279227632525787,12
0,0.16524574454671542,0.13606524891251814,0.13559432840301588,0.1467444933920704,13
0,0.13890904983125996,0.13439957506596759,0.13112782556996735,0.13255235170334984,14
0,0.13792133726647,0.1402360515021459,0.15500602495762106,0.15537512054001928,15
0,0.13407182483316807,0.17590573027508466,0.13738488159055437,0.15126524795743873,16
0,0.12317652946606314,0.13346474263612018,0.13166310206545642,0.11951630735212825,17
0,0.14833167231847866,0.15485945228616238,0.15190030194524573,0.1288588580331775,18
0,0.15099040173117867,0.13701288116539417,0.13051570920039957,0.14020486759316875,19
