,cor_s,cor_a,err_s,err_a
0,0.08105147864184009,0.15267947421638017,0.1568627450980392,0.2032520325203252
1,0.0891089108910891,0.1207983193277311,0.13268608414239483,0.15476190476190477
2,0.08485856905158069,0.11195158850226929,0.14253897550111358,0.16626506024096385
3,0.10369609856262833,0.0881593625498008,0.1875,0.1810344827586207
4,0.11075949367088607,0.0972972972972973,0.06565656565656566,0.08187134502923976
5,0.10105263157894737,0.12244897959183673,0.25882352941176473,0.21428571428571427
6,0.08285385500575373,0.12127659574468085,0.10358565737051793,0.18994413407821228
7,0.12175873731679819,0.15274949083503056,0.12931034482758622,0.23478260869565218
8,0.08991228070175439,0.07157464212678936,0.10679611650485436,0.11764705882352941
9,0.0959902794653706,0.1186623516720604,0.11564625850340136,0.15263157894736842
10,0.11551724137931034,0.09967845659163987,0.11320754716981132,0.1511879049676026
11,0.1352405721716515,0.11501597444089456,0.1168091168091168,0.2229299363057325
12,0.10445468509984639,0.12028301886792453,0.12322274881516587,0.1520912547528517
13,0.10150375939849623,0.1536231884057971,0.1394422310756972,0.19289340101522842
14,0.14597701149425288,0.1111111111111111,0.145748987854251,0.10222222222222223
15,0.16243654822335024,0.11292517006802721,0.16764132553606237,0.16348773841961853
16,0.08380681818181818,0.06143790849673202,0.08080808080808081,0.06358381502890173
17,0.10068259385665529,0.09204545454545454,0.18701298701298702,0.14423076923076922
18,0.08922492697176242,0.08611004784688996,0.0967741935483871,0.13333333333333333
19,0.049475262368815595,0.06490066225165562,0.0746606334841629,0.09917355371900827
20,0.11774744027303755,0.0893169877408056,0.09533898305084745,0.09917355371900827
21,0.1154970760233918,0.0665083135391924,0.13002364066193853,0.1037037037037037
22,0.19771863117870722,0.13793103448275862,0.16539923954372623,0.11247443762781185
23,0.15,0.1,0.13414634146341464,0.14606741573033707
24,0.17716535433070865,0.14219114219114218,0.24770642201834864,0.11504424778761062
25,0.11653116531165311,0.13602015113350127,0.08465608465608465,0.11612903225806452
26,0.16502463054187191,0.10450819672131148,0.09740259740259741,0.1527777777777778
27,0.15282392026578073,0.16723549488054607,0.08914728682170543,0.14232209737827714
28,0.18238993710691823,0.09895833333333333,0.16589861751152074,0.09941520467836257
29,0.12416107382550336,0.0903010033444816,0.10121457489878542,0.13675213675213677
30,0.22525597269624573,0.14028776978417265,0.18614718614718614,0.13513513513513514
31,0.16923076923076924,0.0732484076433121,0.20833333333333334,0.1810344827586207
32,0.21476510067114093,0.09698996655518395,0.0931174089068826,0.17094017094017094
33,0.11228070175438597,0.07989690721649484,0.13409961685823754,0.1773049645390071
