,cor_s,err_s,cor_a,err_a,Participant
0,0.15789473684210525,0.3125,0.11864406779661017,0.21739130434782608,0
0,0.1391304347826087,0.21176470588235294,0.19014084507042253,0.1206896551724138,1
0,0.23780487804878048,0.19444444444444445,0.17318435754189945,0.19047619047619047,2
0,0.2169811320754717,0.18085106382978725,0.21052631578947367,0.27586206896551724,3
0,0.20833333333333334,0.125,0.14035087719298245,0.27586206896551724,4
0,0.20359281437125748,0.24242424242424243,0.1807909604519774,0.21739130434782608,5
0,0.15753424657534246,0.35185185185185186,0.12994350282485875,0.17391304347826086,6
0,0.13496932515337423,0.16216216216216217,0.16022099447513813,0.15789473684210525,7
0,0.19205298013245034,0.2857142857142857,0.19553072625698323,0.38095238095238093,8
0,0.12903225806451613,0.14473684210526316,0.18235294117647058,0.2,9
0,0.17901234567901234,0.23684210526315788,0.16574585635359115,0.2631578947368421,10
0,0.17721518987341772,0.14285714285714285,0.19760479041916168,0.2727272727272727,11
0,0.136986301369863,0.16666666666666666,0.20114942528735633,0.34615384615384615,12
0,0.17763157894736842,0.125,0.1111111111111111,0.41379310344827586,13
0,0.18840579710144928,0.24193548387096775,0.2111801242236025,0.20512820512820512,14
0,0.22012578616352202,0.21951219512195122,0.16580310880829016,0.0,15
0,0.23972602739726026,0.12962962962962962,0.11724137931034483,0.21818181818181817,16
0,0.20114942528735633,0.2692307692307692,0.25,0.25,17
0,0.17679558011049723,0.3157894736842105,0.1853932584269663,0.18181818181818182,18
0,0.1504424778761062,0.21839080459770116,0.14285714285714285,0.2,19
