,cor_s,cor_a,err_s,err_a
0,0.15384615384615385,0.0,0.2692307692307692,0.0
1,0.20588235294117646,0.3,0.0,0.0
2,0.25806451612903225,0.20512820512820512,0.2647058823529412,0.25
3,0.15217391304347827,0.25,0.15151515151515152,0.1724137931034483
4,0.2,0.25,0.0,0.0
5,0.16,0.0,0.125,0.0
6,0.14893617021276595,0.14583333333333334,0.14285714285714285,0.25
7,0.1875,0.1346153846153846,0.29411764705882354,0.08695652173913043
8,0.20512820512820512,0.18421052631578946,0.16666666666666666,0.25
9,0.13157894736842105,0.2222222222222222,0.1891891891891892,0.19230769230769232
10,0.16923076923076924,0.0,0.29411764705882354,0.0
11,0.42105263157894735,0.0,0.25,0.0
12,0.16981132075471697,0.14,0.3448275862068966,0.2777777777777778
13,0.1509433962264151,0.3333333333333333,0.20689655172413793,0.0
14,0.10869565217391304,0.18181818181818182,0.1388888888888889,0.0
15,0.09523809523809523,0.0,0.225,0.0
16,0.09090909090909091,0.2653061224489796,0.2222222222222222,0.17391304347826086
17,0.22448979591836735,0.25,0.16129032258064516,0.2727272727272727
18,0.16326530612244897,0.16216216216216217,0.2692307692307692,0.23809523809523808
19,0.11538461538461539,0.0,0.3,0.0
20,0.16666666666666666,0.14583333333333334,0.23076923076923078,0.20588235294117646
21,0.25,0.12195121951219512,0.14285714285714285,0.0975609756097561
22,0.14583333333333334,0.15384615384615385,0.17647058823529413,0.25
23,0.29411764705882354,0.45454545454545453,0.0,0.0
24,0.12,0.10869565217391304,0.21875,0.2222222222222222
25,0.11764705882352941,0.3181818181818182,0.16666666666666666,0.5
26,0.09433962264150944,0.23529411764705882,0.27586206896551724,0.0
27,0.14,0.0,0.20689655172413793,0.0
28,0.17647058823529413,0.0,0.17647058823529413,0.0
29,0.0,0.1,0.0,0.3
30,0.17777777777777778,0.06521739130434782,0.1891891891891892,0.3076923076923077
31,0.15217391304347827,0.21052631578947367,0.21428571428571427,0.0
32,0.3055555555555556,0.1694915254237288,0.2558139534883721,0.45454545454545453
33,0.06976744186046512,0.14285714285714285,0.20512820512820512,0.25
34,0.09615384615384616,0.0,0.16666666666666666,0.0
35,0.18421052631578946,0.2857142857142857,0.0,0.0
36,0.16666666666666666,0.10869565217391304,0.15384615384615385,0.20588235294117646
37,0.14285714285714285,0.3684210526315789,0.3333333333333333,0.0
