,cor_s,err_s,cor_a,err_a,Participant
0,0.0975009843294748,0.11709113339448968,0.05799848369977256,0.06838151875571821,0
0,0.05803790924755886,0.06530541553573736,0.06756756508140926,0.07144750040446529,1
0,0.13593878695617337,0.1629168665067946,0.1164133922343641,0.13178414641816388,2
0,0.10607161506900414,0.10715327564894933,0.1103317782961235,0.0932644583478896,3
0,0.06411085016439644,0.08074530916000322,0.05796742158168822,0.0693035993740219,4
0,0.12608381658689577,0.11239175945953163,0.06556941863551902,0.06489873417721519,5
0,0.13408471892319873,0.13558065749235473,0.058681323704177724,0.07159064942187282,6
0,0.13373190001512883,0.13098425566623,0.09691957216745062,0.09719345011424219,7
0,0.13091663352159733,0.12634223349844953,0.12068565490243555,0.11567639147527414,8
0,0.11594662331504435,0.11082247721903477,0.09019801654928855,0.10148245886370694,9
0,0.1067126407149609,0.13311407738445252,0.05797547786047019,0.05709689629068887,10
0,0.1358204393505253,0.13734640522875816,0.08836574206462683,0.07956104252400549,11
0,0.137659700754297,0.11114514282359159,0.07739914163090128,0.06555130534570142,12
0,0.09902674536076994,0.09617468088826714,0.06661216602251718,0.06687291212781409,13
0,0.10896622261046807,0.09932249195121379,0.06647370521107643,0.04790900818926297,14
0,0.1462792086599478,0.15224320626826687,0.07119255031541004,0.07347876004592423,15
0,0.10818402908361541,0.1290009096115622,0.10970846441120741,0.0860196486614806,16
0,0.12641160983961364,0.15833918498602984,0.08597739687323414,0.06096567816852244,17
0,0.12118138874950257,0.10116374040837561,0.09529170878487975,0.055874741939116346,18
0,0.1224534561618244,0.12167632302502907,0.08831357109773043,0.0,19
0,0.07974741796313245,0.07897588100368388,0.12592997854495808,0.11348972157831727,20
0,0.13999086408821987,0.12948850597689202,0.14336724079297442,0.14681952413433375,21
0,0.13723715095103195,0.13629211936482966,0.06719094766619516,0.05847663322730606,22
0,0.0481890749364246,0.06582909720324318,0.05339188557539498,0.045392210641799234,23
0,0.12923622423769066,0.13802181788905885,0.1370753139557539,0.1364449778434269,24
0,0.13158134369794555,0.13451137750535658,0.08664011315649212,0.07921825678195332,25
0,0.1253012654958678,0.09456240565183266,0.05426270791232701,0.06009415320237126,26
0,0.12140253095005071,0.1352091789607031,0.06511276948590383,0.06438213914849429,27
0,0.09414497205297345,0.08278913527326681,0.06451612903225806,0.09830807299721621,28
0,0.07272665199908968,0.050881548974943056,0.06666350411132194,0.05786905754795657,29
0,0.13337945599533918,0.14490317499057048,0.060989095694679474,0.04449490642027959,30
0,0.13477150699605006,0.11353744022653811,0.06176057592400175,0.05725845713262934,31
0,0.13823211326104753,0.14492255764107287,0.06197976210609392,0.07422372639828995,32
0,0.12478405124467795,0.1170821581332317,0.10328958999116067,0.0839003175393811,33
0,0.10491427645438339,0.09926233280598301,0.09307270698712289,0.06659192825112108,34
0,0.053539526744274424,0.06586310517529215,0.0730236917469409,0.06443031288094271,35
0,0.06938401859000787,0.10009178016562864,0.09831712582017144,0.08660779985283296,36
0,0.11754869578638683,0.10722343784189309,0.05922272825851216,0.0673666935700834,37
