,cor_s,err_s,cor_a,err_a,Participant
0,0.2535211267605634,0.140625,0.16184971098265896,0.23529411764705882,0
0,0.15384615384615385,0.3333333333333333,0.14835164835164835,0.36363636363636365,1
0,0.13253012048192772,0.2682926829268293,0.13259668508287292,0.2962962962962963,2
0,0.15343915343915343,0.3888888888888889,0.10404624277456648,0.0,3
0,0.19337016574585636,0.23076923076923078,0.2254335260115607,0.18181818181818182,4
0,0.16071428571428573,0.23076923076923078,0.13068181818181818,0.25,5
0,0.11594202898550725,0.2318840579710145,0.15527950310559005,0.23404255319148937,6
0,0.17582417582417584,0.24,0.18974358974358974,0.3076923076923077,7
0,0.25,0.0,0.22916666666666666,0.0,8
0,0.125,0.21428571428571427,0.1388888888888889,0.19047619047619047,9
0,0.2088607594936709,0.20408163265306123,0.17857142857142858,0.2537313432835821,10
0,0.1935483870967742,0.24528301886792453,0.1907514450867052,0.35294117647058826,11
0,0.19021739130434784,0.25,0.15950920245398773,0.2413793103448276,12
0,0.14788732394366197,0.2727272727272727,0.23076923076923078,0.22916666666666666,13
0,0.14,0.2857142857142857,0.15333333333333332,0.18518518518518517,14
0,0.16759776536312848,0.1724137931034483,0.14835164835164835,0.17391304347826086,15
0,0.11702127659574468,0.25,0.12222222222222222,0.21739130434782608,16
0,0.2331288343558282,0.13333333333333333,0.1390728476821192,0.3148148148148148,17
0,0.14545454545454545,0.16279069767441862,0.1402439024390244,0.19047619047619047,18
0,0.1554054054054054,0.10909090909090909,0.1590909090909091,0.2826086956521739,19
0,0.14361702127659576,0.15,0.22872340425531915,0.21052631578947367,20
0,0.13089005235602094,0.23529411764705882,0.1595744680851064,0.2631578947368421,21
0,0.16265060240963855,0.3333333333333333,0.15757575757575756,0.19047619047619047,22
0,0.1871345029239766,0.2702702702702703,0.15172413793103448,0.2222222222222222,23
0,0.1746987951807229,0.21428571428571427,0.17582417582417584,0.28,24
0,0.19047619047619047,0.2631578947368421,0.1164021164021164,0.21052631578947367,25
0,0.17518248175182483,0.17142857142857143,0.13714285714285715,0.3939393939393939,26
0,0.1590909090909091,0.25,0.1827956989247312,0.22727272727272727,27
0,0.1588235294117647,0.23684210526315788,0.16842105263157894,0.16666666666666666,28
0,0.19753086419753085,0.2608695652173913,0.16129032258064516,0.18604651162790697,29
0,0.16071428571428573,0.2,0.1111111111111111,0.25,30
0,0.14814814814814814,0.2631578947368421,0.17435897435897435,0.4,31
0,0.14207650273224043,0.28,0.20418848167539266,0.3125,32
0,0.21705426356589147,0.19230769230769232,0.12371134020618557,0.25,33
0,0.10256410256410256,0.19230769230769232,0.1711229946524064,0.2857142857142857,34
0,0.19631901840490798,0.20454545454545456,0.17647058823529413,0.2222222222222222,35
0,0.1696969696969697,0.24390243902439024,0.18947368421052632,0.1875,36
0,0.17647058823529413,0.10526315789473684,0.14210526315789473,0.2777777777777778,37
0,0.18232044198895028,0.2962962962962963,0.15897435897435896,0.23076923076923078,38
0,0.19607843137254902,0.32727272727272727,0.112,0.3125,39
0,0.15463917525773196,0.35714285714285715,0.1702127659574468,0.2777777777777778,40
0,0.1907514450867052,0.20588235294117646,0.22162162162162163,0.2631578947368421,41
0,0.17751479289940827,0.20512820512820512,0.16666666666666666,0.225,42
0,0.1342281879194631,0.1864406779661017,0.12658227848101267,0.23255813953488372,43
0,0.15706806282722513,0.1875,0.20108695652173914,0.2857142857142857,44
0,0.21052631578947367,0.2222222222222222,0.20967741935483872,0.4090909090909091,45
0,0.1945945945945946,0.2727272727272727,0.1340782122905028,0.3125,46
