,cor_s,err_s,cor_a,err_a,Participant
0,0.1405865627149736,0.13853573319216517,0.13517003444040365,0.13389072652096867,0
0,0.11596614219656767,0.1457757430201141,0.11964744286074813,0.12492234736218139,1
0,0.1263199249837705,0.13493126412177428,0.12866882493191856,0.15912466313135704,2
0,0.13391701099286502,0.16041226167370704,0.0539717708236605,0.0,3
0,0.12439575812769504,0.12407064665387654,0.15859882263799036,0.13629882468857768,4
0,0.1346162625168818,0.1534494413564651,0.1332113931772324,0.1409745331069609,5
0,0.14039469083750789,0.13010783300447867,0.15306822694490352,0.15021374846150343,6
0,0.12919385282062162,0.16376976010704386,0.12020845225259509,0.11976139310855873,7
0,0.14703136712522563,0.1524768124171872,0.13976187665333073,0.1510160075329567,8
0,0.1418444371914651,0.134542864699437,0.1342150760719225,0.12583336066918158,9
0,0.13062132112491825,0.13784076433121017,0.11332656981630451,0.10711815014254038,10
0,0.16202183651347152,0.14174841022576923,0.12619751597733028,0.13975578299710106,11
0,0.14419994256111163,0.13359024184179955,0.1200755183040158,0.12216802610114186,12
0,0.13010866924989878,0.13392421981444236,0.13347769693135086,0.1296663872590109,13
0,0.13431495724197273,0.13162291243951926,0.12095365312854903,0.11775770994780958,14
0,0.14083875632682574,0.12996371688291508,0.12157451649601825,0.12763852943696974,15
0,0.16224662549866115,0.13162198706643152,0.13456783330844596,0.12250887526864607,16
0,0.1335246871787156,0.15444758423080718,0.13948639155964798,0.1439343962163399,17
0,0.13015622697126014,0.14363017385219867,0.15622989918859115,0.1400095207358399,18
0,0.11963568451253181,0.13093643653432424,0.09801939058171745,0.11788476554473354,19
0,0.12457249190244324,0.13176693286010055,0.12480608668648241,0.13555634734806069,20
0,0.12896560238039967,0.1574550325296594,0.1414810597766586,0.16340534262485482,21
0,0.14600632179666934,0.13018108382817095,0.14904805564337653,0.12185133834007317,22
0,0.16779880364603117,0.1328163394955848,0.10944064329728209,0.117049022234128,23
0,0.13184995002348293,0.12845619210572895,0.13954073057992228,0.13377912254160362,24
0,0.11948325358851676,0.14749579831932774,0.14560483175150996,0.13230276981852912,25
0,0.15620891364902506,0.1316241134751773,0.13419573796369377,0.12917948717948718,26
0,0.14321249268947167,0.14225115261389387,0.1207280076297743,0.1315067941620533,27
0,0.15549016499324764,0.148468171101381,0.13968622042614148,0.15287358811697355,28
0,0.1343103157787251,0.1315307866414153,0.1444090897272562,0.11952575216726159,29
0,0.14009406335322683,0.1366768837803321,0.1629054901554643,0.15034582792579587,30
0,0.14398151121913116,0.13320826952526799,0.11734319964481278,0.149504375349097,31
0,0.13334441020143822,0.15579892761394104,0.14585444743935305,0.12808731693838077,32
0,0.13404166994260552,0.15274014558439775,0.12233635921543198,0.12183109919571046,33
0,0.14255445446560022,0.14821475144749885,0.12639223311606507,0.1276769936890419,34
0,0.1528081456412651,0.15172327044025158,0.14329322077382634,0.13011222577444598,35
0,0.1344866986905952,0.1308932028034264,0.12110196725583011,0.1485397915077549,36
0,0.14164516129032256,0.14011864406779656,0.13479294264285563,0.1556720507643496,37
0,0.13516897880959122,0.14832916972814109,0.12412609086581694,0.12581152790484904,38
0,0.16222872417854356,0.14357021241763196,0.12297533045875458,0.10367424931756142,39
0,0.15678834267938274,0.12147451669595782,0.13331716794901682,0.14935577315381476,40
0,0.1362278481012658,0.15588549618320607,0.14441869805321583,0.12084898316629372,41
0,0.145395890296467,0.13538370160645047,0.13685516860143726,0.1593064481345698,42
0,0.1332471429936784,0.13966486042079296,0.12288086852973212,0.12398419805109301,43
0,0.12720129104205535,0.13968377336102047,0.13356967654833624,0.11985472972972973,44
0,0.1316121633444468,0.13008055519522635,0.12137233364280042,0.12592034730086824,45
0,0.12779884551413756,0.13068018973910872,0.10990401476695894,0.12303392881872317,46
