,cor_s,err_s,cor_a,err_a,Participant
0,0.15384615384615385,0.38461538461538464,0.0,0.0,0
0,0.23529411764705882,0.0,0.2,0.0,1
0,0.2903225806451613,0.20588235294117646,0.1794871794871795,0.25,2
0,0.30434782608695654,0.21212121212121213,0.25,0.13793103448275862,3
0,0.36,0.0,0.3333333333333333,0.0,4
0,0.16,0.28125,0.0,0.0,5
0,0.2553191489361702,0.17142857142857143,0.14583333333333334,0.2,6
0,0.20833333333333334,0.11764705882352941,0.17307692307692307,0.13043478260869565,7
0,0.1794871794871795,0.2619047619047619,0.13157894736842105,0.16666666666666666,8
0,0.18421052631578946,0.21621621621621623,0.3055555555555556,0.23076923076923078,9
0,0.16923076923076924,0.17647058823529413,0.0,0.0,10
0,0.15789473684210525,0.1590909090909091,0.0,0.0,11
0,0.2641509433962264,0.41379310344827586,0.16,0.2222222222222222,12
0,0.16981132075471697,0.2413793103448276,0.25,0.0,13
0,0.2826086956521739,0.3333333333333333,0.22727272727272727,0.0,14
0,0.16666666666666666,0.225,0.0,0.0,15
0,0.14545454545454545,0.25925925925925924,0.14285714285714285,0.34782608695652173,16
0,0.22448979591836735,0.2903225806451613,0.2,0.3181818181818182,17
0,0.14285714285714285,0.2692307692307692,0.24324324324324326,0.19047619047619047,18
0,0.25,0.23333333333333334,0.0,0.0,19
0,0.14814814814814814,0.19230769230769232,0.25,0.23529411764705882,20
0,0.25,0.21428571428571427,0.24390243902439024,0.14634146341463414,21
0,0.25,0.20588235294117646,0.11538461538461539,0.4166666666666667,22
0,0.29411764705882354,0.0,0.18181818181818182,0.0,23
0,0.24,0.21875,0.15217391304347827,0.2777777777777778,24
0,0.23529411764705882,0.23333333333333334,0.22727272727272727,0.22727272727272727,25
0,0.20754716981132076,0.2413793103448276,0.29411764705882354,0.0,26
0,0.2,0.2413793103448276,0.0,0.0,27
0,0.20588235294117646,0.17647058823529413,0.0,0.0,28
0,0.0,0.0,0.2,0.2,29
0,0.15555555555555556,0.16216216216216217,0.15217391304347827,0.23076923076923078,30
0,0.15217391304347827,0.17857142857142858,0.21052631578947367,0.0,31
0,0.19444444444444445,0.20930232558139536,0.3050847457627119,0.18181818181818182,32
0,0.2558139534883721,0.23076923076923078,0.16666666666666666,0.21428571428571427,33
0,0.11538461538461539,0.20833333333333334,0.0,0.0,34
0,0.15789473684210525,0.0,0.35714285714285715,0.0,35
0,0.16666666666666666,0.11538461538461539,0.1956521739130435,0.20588235294117646,36
0,0.16071428571428573,0.2857142857142857,0.15789473684210525,0.0,37
