,cor_s,cor_a,err_s,err_a
0,0.05985915492957746,0.115,0.06651376146788991,0.10606060606060606
1,0.14347826086956522,0.18181818181818182,0.2962962962962963,0.3125
2,0.17307692307692307,0.11428571428571428,0.15463917525773196,0.11403508771929824
3,0.08641975308641975,0.21428571428571427,0.0,0.0
4,0.08974358974358974,0.21875,0.25,0.0
5,0.1366906474820144,0.09523809523809523,0.1,0.25
6,0.06212424849699399,0.24175824175824176,0.08403361344537816,0.0
7,0.1357142857142857,0.10194174757281553,0.29411764705882354,0.23076923076923078
8,0.1476510067114094,0.10144927536231885,0.1875,0.18181818181818182
9,0.11851851851851852,0.14953271028037382,0.14285714285714285,0.26229508196721313
10,0.08620689655172414,0.3333333333333333,0.0,0.0
11,0.08888888888888889,0.06779661016949153,0.1111111111111111,0.0
12,0.17370892018779344,0.10256410256410256,0.0,0.0
13,0.12806539509536785,0.15151515151515152,0.12345679012345678,0.0
14,0.0728744939271255,0.11574074074074074,0.11612903225806452,0.1366120218579235
15,0.16265060240963855,0.09302325581395349,0.2727272727272727,0.0
16,0.10084033613445378,0.2127659574468085,0.13135593220338984,0.2
17,0.0948509485094851,0.15846994535519127,0.25,0.0
18,0.1746031746031746,0.09022556390977443,0.18421052631578946,0.0
19,0.078125,0.1,0.20833333333333334,0.0
20,0.07692307692307693,0.17346938775510204,0.07428571428571429,0.0
21,0.06205673758865248,0.10985915492957747,0.06963788300835655,0.24705882352941178
22,0.10619469026548672,0.18181818181818182,0.0,0.0
23,0.11363636363636363,0.16778523489932887,0.10752688172043011,0.4
24,0.09547738693467336,0.12396694214876033,0.14545454545454545,0.0
25,0.048824593128390596,0.08187134502923976,0.1346153846153846,0.0
26,0.08823529411764706,0.15217391304347827,0.0,0.0
27,0.16083916083916083,0.15508021390374332,0.3142857142857143,0.0
28,0.12639405204460966,0.1134020618556701,0.14285714285714285,0.21428571428571427
29,0.16317991631799164,0.14953271028037382,0.21428571428571427,0.15384615384615385
30,0.1891891891891892,0.11304347826086956,0.25,0.0
31,0.12877263581488935,0.08163265306122448,0.12222222222222222,0.0
