,cor_s,cor_a,err_s,err_a
0,0.09868421052631579,0.192090395480226,0.22916666666666666,0.391304347826087
1,0.1391304347826087,0.18309859154929578,0.17647058823529413,0.3448275862068966
2,0.13414634146341464,0.18994413407821228,0.3055555555555556,0.09523809523809523
3,0.18867924528301888,0.23391812865497075,0.22340425531914893,0.27586206896551724
4,0.125,0.15789473684210525,0.14285714285714285,0.20689655172413793
5,0.10778443113772455,0.0847457627118644,0.18181818181818182,0.17391304347826086
6,0.1643835616438356,0.1751412429378531,0.16666666666666666,0.2608695652173913
7,0.1165644171779141,0.14917127071823205,0.13513513513513514,0.2631578947368421
8,0.1390728476821192,0.25139664804469275,0.16326530612244897,0.23809523809523808
9,0.10483870967741936,0.15294117647058825,0.10526315789473684,0.26666666666666666
10,0.1728395061728395,0.13812154696132597,0.13157894736842105,0.2631578947368421
11,0.13924050632911392,0.18562874251497005,0.16666666666666666,0.18181818181818182
12,0.10273972602739725,0.22413793103448276,0.12962962962962962,0.19230769230769232
13,0.08552631578947369,0.29239766081871343,0.14583333333333334,0.1724137931034483
14,0.17391304347826086,0.06832298136645963,0.22580645161290322,0.23076923076923078
15,0.14465408805031446,0.18652849740932642,0.17073170731707318,0.0
16,0.273972602739726,0.2620689655172414,0.09259259259259259,0.2
17,0.21839080459770116,0.16304347826086957,0.19230769230769232,0.25
18,0.13259668508287292,0.2247191011235955,0.21052631578947367,0.22727272727272727
19,0.12389380530973451,0.12142857142857143,0.20689655172413793,0.38333333333333336
