,cor_s,cor_a,err_s,err_a
0,0.14084507042253522,0.26011560693641617,0.25,0.35294117647058826
1,0.14358974358974358,0.27472527472527475,0.16666666666666666,0.2727272727272727
2,0.1566265060240964,0.1878453038674033,0.21951219512195122,0.37037037037037035
3,0.12698412698412698,0.13872832369942195,0.2222222222222222,0.0
4,0.11049723756906077,0.2138728323699422,0.23076923076923078,0.24242424242424243
5,0.07738095238095238,0.21022727272727273,0.48717948717948717,0.2857142857142857
6,0.10144927536231885,0.2236024844720497,0.18840579710144928,0.2765957446808511
7,0.09340659340659341,0.2,0.24,0.23076923076923078
8,0.17391304347826086,0.23958333333333334,0.0,0.0
9,0.15789473684210525,0.2222222222222222,0.2857142857142857,0.19047619047619047
10,0.12658227848101267,0.22857142857142856,0.20408163265306123,0.19402985074626866
11,0.12258064516129032,0.19653179190751446,0.24528301886792453,0.17647058823529413
12,0.2608695652173913,0.17177914110429449,0.2916666666666667,0.20689655172413793
13,0.30985915492957744,0.22435897435897437,0.25757575757575757,0.20833333333333334
14,0.11333333333333333,0.2733333333333333,0.25,0.24074074074074073
15,0.13966480446927373,0.2087912087912088,0.20689655172413793,0.2608695652173913
16,0.2127659574468085,0.19444444444444445,0.2,0.34782608695652173
17,0.17791411042944785,0.2185430463576159,0.28888888888888886,0.18518518518518517
18,0.18181818181818182,0.29878048780487804,0.2558139534883721,0.11904761904761904
19,0.17567567567567569,0.1590909090909091,0.23636363636363636,0.17391304347826086
20,0.10106382978723404,0.324468085106383,0.35,0.3157894736842105
21,0.11518324607329843,0.23404255319148937,0.17647058823529413,0.21052631578947367
22,0.18072289156626506,0.22424242424242424,0.30952380952380953,0.16666666666666666
23,0.21637426900584794,0.2206896551724138,0.13513513513513514,0.16666666666666666
24,0.2710843373493976,0.2802197802197802,0.2857142857142857,0.32
25,0.13227513227513227,0.2275132275132275,0.15789473684210525,0.2631578947368421
26,0.1386861313868613,0.28,0.12857142857142856,0.21212121212121213
27,0.07954545454545454,0.2849462365591398,0.3125,0.22727272727272727
28,0.12941176470588237,0.24736842105263157,0.18421052631578946,0.2222222222222222
29,0.12962962962962962,0.14838709677419354,0.13043478260869565,0.16279069767441862
30,0.11904761904761904,0.2,0.25,0.5357142857142857
31,0.32275132275132273,0.2153846153846154,0.2631578947368421,0.2
32,0.16939890710382513,0.2356020942408377,0.24,0.1875
33,0.15503875968992248,0.20618556701030927,0.23076923076923078,0.3333333333333333
34,0.11538461538461539,0.20320855614973263,0.23076923076923078,0.5238095238095238
35,0.13496932515337423,0.3176470588235294,0.09090909090909091,0.3333333333333333
36,0.18787878787878787,0.18421052631578946,0.17073170731707318,0.25
37,0.1,0.21052631578947367,0.18421052631578946,0.2222222222222222
38,0.12154696132596685,0.2153846153846154,0.2222222222222222,0.38461538461538464
39,0.08496732026143791,0.144,0.12727272727272726,0.1875
40,0.06701030927835051,0.17553191489361702,0.35714285714285715,0.2222222222222222
41,0.15606936416184972,0.2810810810810811,0.38235294117647056,0.15789473684210525
42,0.15384615384615385,0.27976190476190477,0.2564102564102564,0.275
43,0.2080536912751678,0.1962025316455696,0.13559322033898305,0.16279069767441862
44,0.2198952879581152,0.2826086956521739,0.375,0.23809523809523808
45,0.21052631578947367,0.20430107526881722,0.25,0.18181818181818182
46,0.0918918918918919,0.1340782122905028,0.3181818181818182,0.1875
