,cor_s,err_s,cor_a,err_a,Participant
0,0.18661971830985916,0.17889908256880735,0.16,0.16666666666666666,0
0,0.16521739130434782,0.2962962962962963,0.23376623376623376,0.125,1
0,0.19230769230769232,0.1134020618556701,0.2,0.18421052631578946,2
0,0.1728395061728395,0.0,0.17857142857142858,0.0,3
0,0.17307692307692307,0.4166666666666667,0.1875,0.0,4
0,0.16906474820143885,0.13333333333333333,0.1984126984126984,0.4166666666666667,5
0,0.16432865731462926,0.17647058823529413,0.12087912087912088,0.0,6
0,0.15,0.1568627450980392,0.11165048543689321,0.15384615384615385,7
0,0.1610738255033557,0.25,0.16666666666666666,0.13636363636363635,8
0,0.17037037037037037,0.2,0.1588785046728972,0.22950819672131148,9
0,0.15517241379310345,0.0,0.20833333333333334,0.0,10
0,0.1746031746031746,0.3611111111111111,0.12429378531073447,0.0,11
0,0.19718309859154928,0.0,0.15384615384615385,0.0,12
0,0.14713896457765668,0.2345679012345679,0.22727272727272727,0.0,13
0,0.15384615384615385,0.23225806451612904,0.125,0.16939890710382513,14
0,0.13855421686746988,0.18181818181818182,0.12790697674418605,0.0,15
0,0.16176470588235295,0.15677966101694915,0.14184397163120568,0.4,16
0,0.15447154471544716,0.21428571428571427,0.14754098360655737,0.0,17
0,0.14285714285714285,0.15789473684210525,0.20300751879699247,0.0,18
0,0.158203125,0.13541666666666666,0.168,0.0,19
0,0.12709030100334448,0.14857142857142858,0.1836734693877551,0.0,20
0,0.14361702127659576,0.15877437325905291,0.14366197183098592,0.15294117647058825,21
0,0.07964601769911504,0.0,0.18181818181818182,0.0,22
0,0.16136363636363638,0.20430107526881722,0.14093959731543623,0.4,23
0,0.12562814070351758,0.18181818181818182,0.19834710743801653,0.0,24
0,0.16998191681735986,0.21153846153846154,0.14035087719298245,0.0,25
0,0.19607843137254902,0.0,0.30434782608695654,0.0,26
0,0.13986013986013987,0.2857142857142857,0.16042780748663102,0.0,27
0,0.20817843866171004,0.14285714285714285,0.17010309278350516,0.2857142857142857,28
0,0.12552301255230125,0.35714285714285715,0.1588785046728972,0.38461538461538464,29
0,0.22162162162162163,0.19444444444444445,0.13043478260869565,0.0,30
0,0.16297786720321933,0.2,0.08979591836734693,0.0,31
