,cor_s,err_s,cor_a,err_a,Participant
0,0.17987772181220765,0.03333333333333333,0.18061443651809336,0.038461538461538464,0.0
0,0.22189182336912117,0.08608058608058607,0.18775757701362697,0.0,1.0
0,0.22992341161575636,0.03125,0.2364234049498605,0.0,2.0
0,0.2063196063238346,0.0,0.18497244520990666,0.0,3.0
0,0.19042859087311204,0.2080945419103314,0.2080964225562972,0.05555555555555555,4.0
0,0.20977788179316118,0.26806736091565814,0.18828679888462496,0.1619047619047619,5.0
0,0.2147753089123058,0.3231310570205093,0.1839242946591544,0.1011904761904762,6.0
0,0.18970477400284794,0.09700176366843033,0.1782388685878603,0.07575757575757576,7.0
0,0.17287045465668283,0.2626127730294397,0.18109641471710436,0.041666666666666664,8.0
0,0.14952772485078522,0.21580290452416886,0.15674566809950932,0.09722222222222221,9.0
0,0.16126952460002883,0.210271768181629,0.1913770473026841,0.22066137566137567,10.0
0,0.19150727307548768,0.22882598521393085,0.14320140297540773,0.17655677655677657,11.0
0,0.15062522547653576,0.21183322791482184,0.1696986500316637,0.043859649122807015,12.0
0,0.1768227615248156,0.2566179653679654,0.15813866777656382,0.023809523809523808,13.0
0,0.1835656872615956,0.27308127558010115,0.20070827362615473,0.047619047619047616,14.0
0,0.16747162863038026,0.14469696969696969,0.157188473442103,0.09722222222222222,15.0
