,cor_s,cor_a,err_s,err_a
0,0.20021267525749556,0.24695994869693885,0.041666666666666664,0.038461538461538464
1,0.18932021416955855,0.19746532123147395,0.12271062271062272,0.0
2,0.21024170621546645,0.16668811188575097,0.041666666666666664,0.0
3,0.17885930710809603,0.18593268694662646,0.0,0.0
4,0.16478397405202463,0.18370353620416,0.19851120857699808,0.06944444444444445
5,0.15765015920872077,0.19854846485281266,0.18816868374143914,0.2038095238095238
6,0.16411594488219874,0.22352467902664808,0.20490759522199686,0.09523809523809523
7,0.19473398107139994,0.25229630271773146,0.1146384479717813,0.06060606060606061
8,0.14718362452894826,0.19570266553025176,0.23877018043684714,0.0625
9,0.1256287952671853,0.14431922116254012,0.21512466620225243,0.08928571428571429
10,0.1266515896221289,0.20982644783984516,0.23262082409087856,0.23142857142857143
11,0.1803552688849278,0.26287120426143307,0.21816380107976033,0.24633699633699632
12,0.16247559692649866,0.2352682718665584,0.17573792958043433,0.043859649122807015
13,0.12299447935283415,0.1712875746434744,0.2176244588744589,0.06349206349206349
14,0.13103218872026398,0.20767325694642805,0.21660797795749873,0.023809523809523808
15,0.15461582992208303,0.17114448335170018,0.10808080808080807,0.06944444444444445
