,cor_s,err_s,cor_a,err_a,Participant
0,0.1492992125984252,0.1403872435762795,0.14738833387044797,0.14540022296544036,0
0,0.1484043944230537,0.16241984387374137,0.13186149689529325,0.1323507558288496,1
0,0.1436676676676677,0.14315791367625597,0.14085692496036284,0.15691149207614868,2
0,0.12106370041307779,0.0,0.09653,0.0,3
0,0.13374485596707814,0.14407142857142857,0.12365573151953335,0.11396799173980382,4
0,0.12838959218947074,0.12901057612023378,0.11521261986998217,0.11191024718022559,5
0,0.1397770196440279,0.15726392196892358,0.07588279538703124,0.0,6
0,0.14309037020467513,0.14003588290840407,0.1145097804971796,0.11735563286058336,7
0,0.13303258462511863,0.13359237187127532,0.12949011680143754,0.1378102189781022,8
0,0.1323913390222506,0.16697608538640563,0.13533714001986097,0.15481660150206744,9
0,0.13052062474969972,0.0,0.10365435963078895,0.0,10
0,0.16329374309940076,0.12539323498733423,0.10913953984025332,0.13290197413206262,11
0,0.10254752364160924,0.0,0.1473515396603885,0.1250295243302351,12
0,0.15553117319497056,0.12902763516511376,0.10625838818429922,0.0,13
0,0.15120481927710844,0.13267228992602842,0.13154630973597659,0.14374501887123675,14
0,0.12820483846114333,0.1485367231638418,0.08021,0.0,15
0,0.1345401828751716,0.14297888261779435,0.13459173403728758,0.1245978835978836,16
0,0.13012168844011873,0.12372808132147395,0.11178008626815183,0.0,17
0,0.13505930057526927,0.12713754282917278,0.11683576378115634,0.12920241691842901,18
0,0.12697721952097965,0.1375480631276901,0.13048202310737655,0.0,19
0,0.13974454180900045,0.12917906336088153,0.1111803869788228,0.11297734627831715,20
0,0.1312235288447636,0.13511445448043863,0.1344433706484148,0.1341301945571033,21
0,0.10779871175523348,0.0,0.0971939919399194,0.0,22
0,0.13905994118977605,0.14334715025906736,0.1281509367850444,0.11985030343897506,23
0,0.14208548913219005,0.11725186331036422,0.13159100571209814,0.0,24
0,0.13446115133437578,0.13274925722894088,0.14105100063240783,0.11521916411824669,25
0,0.08189999999999997,0.0,0.12455407610337821,0.0,26
0,0.15868206533373297,0.12590079123554473,0.1257187636002955,0.1286324143692565,27
0,0.1454299315182896,0.1577338403041825,0.1436695408803737,0.128636105188344,28
0,0.11387957815565736,0.14025746268656716,0.12330910596883575,0.1305168374816984,29
0,0.12645627912750088,0.12397434320358491,0.09521406022949336,0.0,30
0,0.13167834707388315,0.1360748257301685,0.07914085972036078,0.0,31
