,cor_s,err_s,cor_a,err_a,Participant
0,0.11971830985915492,0.1628440366972477,0.1125,0.09848484848484848,0
0,0.18695652173913044,0.18518518518518517,0.18181818181818182,0.1875,1
0,0.17307692307692307,0.15463917525773196,0.2,0.18421052631578946,2
0,0.18518518518518517,0.0,0.2857142857142857,0.0,3
0,0.17307692307692307,0.4166666666666667,0.21875,0.0,4
0,0.11510791366906475,0.15,0.11904761904761904,0.3333333333333333,5
0,0.12224448897795591,0.14285714285714285,0.18681318681318682,0.0,6
0,0.11785714285714285,0.21568627450980393,0.1407766990291262,0.3076923076923077,7
0,0.1476510067114094,0.2708333333333333,0.2391304347826087,0.22727272727272727,8
0,0.1037037037037037,0.14285714285714285,0.1308411214953271,0.14754098360655737,9
0,0.1896551724137931,0.0,0.20833333333333334,0.0,10
0,0.14285714285714285,0.3333333333333333,0.11299435028248588,0.0,11
0,0.12206572769953052,0.0,0.1623931623931624,0.0,12
0,0.10354223433242507,0.18518518518518517,0.14393939393939395,0.0,13
0,0.08097165991902834,0.16774193548387098,0.14814814814814814,0.1366120218579235,14
0,0.21686746987951808,0.45454545454545453,0.10465116279069768,0.0,15
0,0.13655462184873948,0.13983050847457626,0.20567375886524822,0.3,16
0,0.1111111111111111,0.14285714285714285,0.16939890710382513,0.0,17
0,0.1164021164021164,0.2894736842105263,0.19548872180451127,0.0,18
0,0.140625,0.15625,0.16,0.0,19
0,0.06688963210702341,0.13142857142857142,0.11224489795918367,0.0,20
0,0.1453900709219858,0.0947075208913649,0.13802816901408452,0.12941176470588237,21
0,0.13274336283185842,0.0,0.18181818181818182,0.0,22
0,0.1318181818181818,0.13978494623655913,0.18791946308724833,0.3,23
0,0.1658291457286432,0.16363636363636364,0.1322314049586777,0.0,24
0,0.13743218806509946,0.09615384615384616,0.11695906432748537,0.0,25
0,0.16666666666666666,0.0,0.1956521739130435,0.0,26
0,0.11888111888111888,0.2,0.20320855614973263,0.0,27
0,0.18587360594795538,0.25,0.12371134020618557,0.21428571428571427,28
0,0.1589958158995816,0.35714285714285715,0.13551401869158877,0.15384615384615385,29
0,0.12432432432432433,0.1388888888888889,0.19130434782608696,0.0,30
0,0.13682092555331993,0.08888888888888889,0.1469387755102041,0.0,31
