,cor_s,err_s,cor_a,err_a,Participant
0,0.11463656035936542,0.12697513870781912,0.1409868163064006,0.1319695998099988,0
0,0.13394317713125414,0.14223988226637233,0.1279806364310032,0.14957256882228376,1
0,0.1218671372223375,0.10554646191431805,0.1438404090308496,0.11126068837783609,2
0,0.11933684604627093,0.0771190320470896,0.06728472325909929,0.0,3
0,0.13073052159787524,0.1076756342258291,0.14169209293521973,0.11500401086815892,4
0,0.1353873581055487,0.15189350449011074,0.1457570798662145,0.143976401179941,5
0,0.11750259973759658,0.1121062372562347,0.12708647086294167,0.10463871092056454,6
0,0.13195178994188972,0.08666075577840282,0.15439120482180735,0.08826050420168068,7
0,0.14420492943748764,0.08165235824059354,0.15319038374765215,0.10823900981647461,8
0,0.12654179003759658,0.12685273809958714,0.13971033407443767,0.13587955858826603,9
0,0.12124124554551796,0.10369528900768465,0.12145853526790401,0.1180375336800551,10
0,0.12247074394749896,0.12356789044289052,0.12641463709433734,0.12693274170948154,11
0,0.1300898413918007,0.10367349004611405,0.1262212404335965,0.13763667603873786,12
0,0.1385233858088067,0.13630864528226072,0.13890017448315967,0.11357106777625968,13
0,0.12885477596888062,0.12227780139293076,0.11891822882999355,0.11801392713824843,14
0,0.10888726032448377,0.09559315358982134,0.1477139034704822,0.09842158147662734,15
0,0.13298479776692873,0.11300397219463748,0.13813832727937314,0.13757931493182574,16
0,0.11262049062049062,0.08490545177277925,0.1379045553145336,0.13467146072559416,17
0,0.12028790786948174,0.12249242181418563,0.13109671177484772,0.14429539001600333,18
0,0.13891631565734053,0.13316681455190765,0.130021676181021,0.10460744297719082,19
0,0.1230069738700565,0.10741808090511261,0.13592184479425573,0.1397918647649234,20
0,0.14385738692463856,0.08309384193973826,0.12167609344809416,0.1160038292600518,21
0,0.12012701312677543,0.09580781109893399,0.1381993788975432,0.11556293112066379,22
0,0.14093282278651087,0.09272436251241856,0.131945699061152,0.0871647456910225,23
0,0.10331120295128104,0.11463252155785081,0.11416687358095941,0.1188299886406664,24
0,0.12912436115843273,0.11161374187558026,0.1363951519815313,0.11487297357317344,25
0,0.1625338799131903,0.09370836182039766,0.14825898669685822,0.14324045298920196,26
0,0.14931243273927075,0.12573250388802493,0.13471815907502985,0.14482312683317045,27
0,0.12275890056712713,0.11514857142857138,0.14305447157912554,0.11530158730158731,28
0,0.14160455633599034,0.10621550788748857,0.13013758281340454,0.10379414273528581,29
0,0.13963315678898958,0.1463424710989708,0.1696625034693311,0.09949726371838491,30
0,0.12714069439278913,0.10846710219318711,0.11535760329705168,0.09815054165110199,31
0,0.1259065921267179,0.08607501769285214,0.14130318834345923,0.11985346676197284,32
0,0.10646734194900459,0.11505616925669354,0.13044400894077268,0.10967501341441603,33
0,0.11383854252797526,0.1068977687035147,0.11961778985345865,0.1408983217195014,34
0,0.13337000359176976,0.11674145832388044,0.13600671370745843,0.13126807973203009,35
0,0.15487654320987654,0.10463863420803032,0.1293110814419226,0.09943211604529838,36
0,0.11219902594852194,0.12383481575603561,0.15172737451820584,0.1060112517580872,37
0,0.13960060506990024,0.10128414451412393,0.12468129332720923,0.100252864542458,38
0,0.15902845459192372,0.10550498934478908,0.1248405702715184,0.09743169189499905,39
0,0.13182148129517646,0.0818192883895131,0.13688634725044246,0.10819184652278177,40
0,0.13573314929274666,0.11078620689655172,0.13376145146403035,0.1384938840986565,41
0,0.11555090123113482,0.08693696714244653,0.11588711376834678,0.1296326963906581,42
0,0.09266729456086642,0.10656186789861405,0.11066708938638675,0.11007371503584773,43
0,0.1324407340909336,0.13394269340974213,0.14205404435271285,0.14856345834103085,44
0,0.14820630534447027,0.09203336604514228,0.13738222881890982,0.14828415413146506,45
0,0.131727350848448,0.11660896931549958,0.10163684858432499,0.09319887032242881,46
