,cor_s,err_s,cor_a,err_a,Participant
0,0.14018563780741233,0.11098396954946382,0.12727691266079888,0.12035033415406265,0
0,0.11308967814344162,0.11012459778333933,0.11552359924298905,0.08732570597182726,1
0,0.11141294221326956,0.11139688715953311,0.14440963249991634,0.10956294309254644,2
0,0.09518102013016498,0.10991556168452321,0.15410148413690022,0.1332579295921924,3
0,0.10695022729246895,0.0997601345886312,0.12202341646177262,0.08263027975863957,4
0,0.10362687390194802,0.08875157875607653,0.11639766865021595,0.10412205142735709,5
0,0.12032332452558259,0.12629295003422308,0.12492079504709641,0.0964177797902045,6
0,0.11004511025515085,0.08946211652373792,0.1280540829747866,0.12992720903075128,7
0,0.1079429403842454,0.09556218082956763,0.13693564882677445,0.1277608286252354,8
0,0.11576833628380023,0.10970121778532993,0.11277667839516377,0.1039484899986926,9
0,0.0973685269511807,0.11223946657939954,0.13668689703948467,0.10573160719924218,10
0,0.10259117329623035,0.08951370782623758,0.1255872136619821,0.09703097012769402,11
0,0.10100167626266304,0.11020853911104034,0.12299763110223416,0.11482069760737967,12
0,0.10509092953944776,0.10433182022939114,0.09954041030036948,0.13626061493411423,13
0,0.13258943506513693,0.0916305207369395,0.11781690052696797,0.11929920907327263,14
0,0.1302025783925334,0.1372850146914789,0.12652908310052957,0.13960591133004926,15
0,0.1193902840501413,0.12815484138789912,0.1209061571829196,0.13939855072463764,16
0,0.13124072166738032,0.10029935179728934,0.12882411359874552,0.11896884964434633,17
0,0.11997119600631745,0.11127739544732662,0.14979018710925707,0.10575482406356407,18
0,0.1021546423605747,0.14260782076548073,0.1198580210426764,0.10972813911751966,19
