,cor_s,err_s,cor_a,err_a,Participant
0,0.17763157894736842,0.08333333333333333,0.1751412429378531,0.13043478260869565,0
0,0.11304347826086956,0.11764705882352941,0.09859154929577464,0.25862068965517243,1
0,0.1951219512195122,0.1388888888888889,0.1452513966480447,0.19047619047619047,2
0,0.18867924528301888,0.1702127659574468,0.14035087719298245,0.27586206896551724,3
0,0.16666666666666666,0.16071428571428573,0.10526315789473684,0.20689655172413793,4
0,0.12574850299401197,0.21212121212121213,0.13559322033898305,0.21739130434782608,5
0,0.1506849315068493,0.2037037037037037,0.14689265536723164,0.17391304347826086,6
0,0.1165644171779141,0.13513513513513514,0.15469613259668508,0.21052631578947367,7
0,0.1456953642384106,0.10204081632653061,0.09497206703910614,0.2857142857142857,8
0,0.12903225806451613,0.11842105263157894,0.12941176470588237,0.16666666666666666,9
0,0.1728395061728395,0.2631578947368421,0.11602209944751381,0.21052631578947367,10
0,0.22151898734177214,0.07142857142857142,0.1317365269461078,0.30303030303030304,11
0,0.14383561643835616,0.12962962962962962,0.25287356321839083,0.15384615384615385,12
0,0.08552631578947369,0.08333333333333333,0.19883040935672514,0.13793103448275862,13
0,0.18840579710144928,0.14516129032258066,0.14285714285714285,0.2564102564102564,14
0,0.20125786163522014,0.14634146341463414,0.17098445595854922,0.0,15
0,0.11643835616438356,0.18518518518518517,0.18620689655172415,0.2727272727272727,16
0,0.16091954022988506,0.19230769230769232,0.14130434782608695,0.375,17
0,0.14917127071823205,0.21052631578947367,0.16853932584269662,0.13636363636363635,18
0,0.1504424778761062,0.10344827586206896,0.11428571428571428,0.15,19
