,cor_s,err_s,cor_a,err_a,Participant
0,0.21153846153846154,0.19230769230769232,0.0,0.0,0
0,0.14705882352941177,0.0,0.3,0.0,1
0,0.22580645161290322,0.4117647058823529,0.2564102564102564,0.3055555555555556,2
0,0.17391304347826086,0.21212121212121213,0.1388888888888889,0.20689655172413793,3
0,0.16,0.0,0.16666666666666666,0.0,4
0,0.16,0.1875,0.0,0.0,5
0,0.14893617021276595,0.22857142857142856,0.16666666666666666,0.35,6
0,0.1875,0.14705882352941177,0.17307692307692307,0.17391304347826086,7
0,0.20512820512820512,0.11904761904761904,0.2631578947368421,0.25,8
0,0.18421052631578946,0.13513513513513514,0.16666666666666666,0.19230769230769232,9
0,0.16923076923076924,0.17647058823529413,0.0,0.0,10
0,0.15789473684210525,0.13636363636363635,0.0,0.0,11
0,0.2641509433962264,0.13793103448275862,0.14,0.2777777777777778,12
0,0.1320754716981132,0.2413793103448276,0.16666666666666666,0.0,13
0,0.15217391304347827,0.19444444444444445,0.18181818181818182,0.0,14
0,0.14285714285714285,0.175,0.0,0.0,15
0,0.23636363636363636,0.2222222222222222,0.1836734693877551,0.2608695652173913,16
0,0.1836734693877551,0.16129032258064516,0.175,0.2727272727272727,17
0,0.22448979591836735,0.2692307692307692,0.1891891891891892,0.19047619047619047,18
0,0.23076923076923078,0.16666666666666666,0.0,0.0,19
0,0.16666666666666666,0.23076923076923078,0.3333333333333333,0.23529411764705882,20
0,0.15,0.19047619047619047,0.1951219512195122,0.0975609756097561,21
0,0.16666666666666666,0.14705882352941177,0.19230769230769232,0.25,22
0,0.23529411764705882,0.0,0.45454545454545453,0.0,23
0,0.28,0.125,0.13043478260869565,0.19444444444444445,24
0,0.13725490196078433,0.16666666666666666,0.18181818181818182,0.18181818181818182,25
0,0.24528301886792453,0.20689655172413793,0.23529411764705882,0.0,26
0,0.18,0.2413793103448276,0.0,0.0,27
0,0.23529411764705882,0.23529411764705882,0.0,0.0,28
0,0.0,0.0,0.25,0.5,29
0,0.3111111111111111,0.24324324324324326,0.13043478260869565,0.23076923076923078,30
0,0.15217391304347827,0.17857142857142858,0.15789473684210525,0.0,31
0,0.16666666666666666,0.3023255813953488,0.1864406779661017,0.2727272727272727,32
0,0.23255813953488372,0.1794871794871795,0.14285714285714285,0.2857142857142857,33
0,0.17307692307692307,0.125,0.0,0.0,34
0,0.18421052631578946,0.0,0.14285714285714285,0.0,35
0,0.16666666666666666,0.3076923076923077,0.17391304347826086,0.11764705882352941,36
0,0.25,0.3333333333333333,0.15789473684210525,0.0,37
