,cor_s,err_s,cor_a,err_a,Participant
0,0.12048192771084337,0.12254901960784313,0.13346814964610718,0.14634146341463414,0
0,0.15965346534653466,0.11974110032362459,0.09558823529411764,0.16666666666666666,1
0,0.10815307820299501,0.10690423162583519,0.0907715582450832,0.12771084337349398,2
0,0.14168377823408623,0.1875,0.1629003984063745,0.14655172413793102,3
0,0.13924050632911392,0.18181818181818182,0.13783783783783785,0.18128654970760233,4
0,0.15789473684210525,0.2235294117647059,0.15510204081632653,0.15714285714285714,5
0,0.11967779056386652,0.11155378486055777,0.12446808510638298,0.11731843575418995,6
0,0.13528748590755355,0.15948275862068967,0.14969450101832993,0.17391304347826086,7
0,0.09649122807017543,0.13592233009708737,0.12269938650306748,0.16176470588235295,8
0,0.08748481166464156,0.10884353741496598,0.12513484358144553,0.14210526315789473,9
0,0.10172413793103448,0.1488469601677149,0.1302250803858521,0.11663066954643629,10
0,0.1508452535760728,0.1225071225071225,0.1501597444089457,0.1592356687898089,11
0,0.11059907834101383,0.11611374407582939,0.12617924528301888,0.12167300380228137,12
0,0.16541353383458646,0.1593625498007968,0.17391304347826086,0.17258883248730963,13
0,0.09770114942528736,0.12550607287449392,0.13692480359147025,0.14222222222222222,14
0,0.17089678510998307,0.12280701754385964,0.16598639455782313,0.10899182561307902,15
0,0.10369318181818182,0.09595959595959595,0.09542483660130718,0.12716763005780346,16
0,0.1348122866894198,0.16623376623376623,0.11136363636363636,0.14903846153846154,17
0,0.1188286270691334,0.06451612903225806,0.11051196172248803,0.14666666666666667,18
0,0.1199400299850075,0.1583710407239819,0.1271523178807947,0.07988980716253444,19
0,0.09556313993174062,0.0847457627118644,0.12609457092819615,0.11776859504132231,20
0,0.14473684210526316,0.1182033096926714,0.12826603325415678,0.10740740740740741,21
0,0.1596958174904943,0.10456273764258556,0.12643678160919541,0.1554192229038855,22
0,0.11666666666666667,0.13414634146341464,0.15,0.15168539325842698,23
0,0.12598425196850394,0.12844036697247707,0.21212121212121213,0.1504424778761062,24
0,0.13550135501355012,0.13756613756613756,0.15113350125944586,0.15483870967741936,25
0,0.1206896551724138,0.12337662337662338,0.17827868852459017,0.1111111111111111,26
0,0.10631229235880399,0.10465116279069768,0.14675767918088736,0.16104868913857678,27
0,0.13522012578616352,0.10599078341013825,0.125,0.10526315789473684,28
0,0.13087248322147652,0.1417004048582996,0.10367892976588629,0.16666666666666666,29
0,0.15358361774744028,0.11255411255411256,0.1079136690647482,0.13063063063063063,30
0,0.13230769230769232,0.14814814814814814,0.14012738853503184,0.1853448275862069,31
0,0.09395973154362416,0.11336032388663968,0.10367892976588629,0.09829059829059829,32
0,0.07368421052631578,0.09961685823754789,0.12886597938144329,0.2198581560283688,33
