,cor_s,err_s,cor_a,err_a,Participant
0,0.12648067146154984,0.08389618686364542,0.10329129167489229,0.11782708933717578,0
0,0.12141907827402587,0.08130320520692613,0.0987181273165999,0.12117970185828064,1
0,0.10279454134725768,0.12547473253892316,0.13479887184910982,0.09022969880492826,2
0,0.12177524858815791,0.1272238805970149,0.12323152134912096,0.12126357664908882,3
0,0.09406138770804817,0.11118582478863104,0.09433451060372411,0.08539625018900254,4
0,0.14296200624389765,0.1056951620479098,0.15168970098913204,0.09121833878132601,5
0,0.11691780011827319,0.08985570806829601,0.12536416757452706,0.09813809969819953,6
0,0.13750657647500936,0.11820497048464707,0.146531325193833,0.14140622248312296,7
0,0.103632542440934,0.10882805184564587,0.10608645397181105,0.07688106828048935,8
0,0.11210655450403084,0.09478051334115928,0.11083704155237223,0.08807189911537738,9
0,0.11102233146602647,0.13922839584122582,0.10469596768160394,0.10106018916595005,10
0,0.12504332810544488,0.08706333921063336,0.1493695890803226,0.08551745874791422,11
0,0.10849656882118353,0.08965400234635867,0.11005035179662392,0.10541091991201973,12
0,0.12941783848935307,0.16911217112469873,0.12157241467467722,0.152291721243551,13
0,0.08538832797070897,0.10986643479508046,0.1148998213254161,0.08518483579285241,14
0,0.11503030836315287,0.12051372540991995,0.12441407406253413,0.1136170046366125,15
0,0.09266801210898079,0.11765350833909011,0.13480594518080036,0.09076938737738294,16
0,0.12491714301268436,0.09103110794188429,0.1438085422864429,0.10584936831875613,17
0,0.10621605488239494,0.07676926092922953,0.12111388797544664,0.10090207715133531,18
0,0.1048651997436445,0.08872385777534353,0.13456189220372505,0.1073194709398449,19
0,0.11911463200934586,0.1137476222074762,0.09423311922293598,0.12998029395531385,20
0,0.12060769935838678,0.1162626111453473,0.10869214044006192,0.10636332179930796,21
0,0.11675824285287384,0.18346268776608565,0.1372140670012501,0.13958562721853857,22
0,0.0908777679362267,0.09705672461116199,0.10261791813499588,0.09110506786446637,23
0,0.11337886739249625,0.1034782111029352,0.14156463909996025,0.14513854845323249,24
0,0.1188348077851053,0.083096038923264,0.10302528551885265,0.10424625690647282,25
0,0.14571253159985553,0.1207109189610896,0.14579235740376512,0.09491239624065308,26
0,0.11881065623118603,0.10085174431017552,0.1264745884179722,0.11864251974834672,27
0,0.10994979837963825,0.0871487045504028,0.13013295378975875,0.11877629382303845,28
0,0.10868197743810881,0.11901844181254295,0.09590313891064706,0.10207881204743419,29
0,0.13055094676537338,0.09531304761698721,0.1277581096564549,0.10629946524064171,30
0,0.10822906944825694,0.11107857194235982,0.1085114030286444,0.10301960957903591,31
0,0.08604627921279218,0.12829190992493744,0.10595533508191735,0.11863856642323445,32
0,0.09747370521107646,0.09015502616856164,0.10838193432354493,0.11931314269615434,33
