,cor_s,err_s,cor_a,err_a,Participant
0,0.18808870484476903,0.03333333333333333,0.19355674239640483,0.07692307692307693,0.0
0,0.20870634062949614,0.0989010989010989,0.2101167018610021,0.0,1.0
0,0.1781762908448031,0.041666666666666664,0.18647644990402898,0.0,2.0
0,0.19457024380976687,0.0,0.166889368609038,0.0,3.0
0,0.2185634381299221,0.2214059454191033,0.16315840316331554,0.041666666666666664,4.0
0,0.17320751851608007,0.21312412046158177,0.17649345529780314,0.19857142857142854,5.0
0,0.20951994046034295,0.2073022312373225,0.19021826119705423,0.10714285714285714,6.0
0,0.19106401031934042,0.07892416225749559,0.19878969716905595,0.030303030303030304,7.0
0,0.13638065873831548,0.26238129154795825,0.16250569756316882,0.041666666666666664,8.0
0,0.14923959380473906,0.2052713437052517,0.15579728830523307,0.07936507936507936,9.0
0,0.15866583378497032,0.19233316368827558,0.14386138229572548,0.21798941798941796,10.0
0,0.15151946412770503,0.2353526064264604,0.16704274356450785,0.2393772893772894,11.0
0,0.18303637890364985,0.22207727176892264,0.16243241936117772,0.03508771929824561,12.0
0,0.1797940836335062,0.2295616883116883,0.15101486221667274,0.07142857142857142,13.0
0,0.17139447558023602,0.22362216892701833,0.2152898474761634,0.031746031746031744,14.0
0,0.16282701852952736,0.16136363636363638,0.16903242545502825,0.041666666666666664,15.0
