,cor_s,err_s,cor_a,err_a,Participant
0,0.10860625722489464,0.09752095872974775,0.11112388782520555,0.09104029278734938,0
0,0.1270793788903018,0.10627687548337206,0.12314511847883791,0.1155616086041618,1
0,0.09273235051919104,0.09885270391395279,0.09235492935291656,0.11010368645088742,2
0,0.10253875273958957,0.0872560553633218,0.06266366636663667,0.0,3
0,0.1212417600259782,0.12364408786005524,0.13146813117178013,0.10987033546928006,4
0,0.11856220707285903,0.09430242648240394,0.11159814182697736,0.09573416731821738,5
0,0.11025770047982897,0.09143494346668507,0.10543464861314611,0.06547859922178988,6
0,0.12702252635050293,0.0899162333364848,0.13053626801373308,0.07360833918950574,7
0,0.12932493277100998,0.10392284569138271,0.11015858523180566,0.11964840182648406,8
0,0.09750335944022581,0.12211045364891515,0.13857818377216546,0.11613293439825922,9
0,0.11250162102795347,0.10213139512931849,0.11213665970009945,0.07387078651685393,10
0,0.14671590909090915,0.13570637303970634,0.12630522174754893,0.13636974789915968,11
0,0.11285387729426444,0.06550837988826816,0.13685984992041234,0.09280230426813302,12
0,0.1299831640130779,0.12576083721852982,0.15395301843899978,0.11941106719367589,13
0,0.08879675461328418,0.09724461701376635,0.11929523367916695,0.10445034211071941,14
0,0.1303024658830615,0.10671428571428572,0.09042644264426447,0.0,15
0,0.11712336975104609,0.0834879717959353,0.14809574933100206,0.10021324717285945,16
0,0.11736481591253378,0.11276428250112461,0.1211367695840776,0.1302089552238806,17
0,0.1535832692847296,0.13816595437642226,0.16922242790130204,0.1063673926317932,18
0,0.1274650784847352,0.07250683650291723,0.12801277928232901,0.10306149341142021,19
0,0.10904034299292314,0.11249976142761708,0.13314920764265648,0.11378438661710037,20
0,0.10618501224604865,0.10746788332986379,0.11057658694855832,0.12460099358838261,21
0,0.1226413123735941,0.11227282459091605,0.0997033659675528,0.0,22
0,0.13801128445072747,0.10029768555466878,0.12751800941835312,0.12410443315226914,23
0,0.15119351958457672,0.0858729742451752,0.13142829749489848,0.07210166059133252,24
0,0.12911500968469192,0.0979393325226321,0.12740070368772205,0.10835732861749714,25
0,0.05905894825275537,0.0,0.1335033599896116,0.11949413161018067,26
0,0.13693781252841164,0.10348308615230795,0.12240608800232244,0.11663122171945701,27
0,0.13337430697653152,0.12882893685051955,0.1438775362396021,0.09239829536141617,28
0,0.10887496043051598,0.10512009193641066,0.13167848058334747,0.103796875,29
0,0.11183878126235514,0.08135681186283594,0.11360268092171877,0.09583633387888707,30
0,0.14530821506851,0.12285152838427948,0.12718913418037825,0.0,31
