,cor_s,err_s,cor_a,err_a,Participant
0,0.10368407694569548,0.09027631254621643,0.059821798981708474,0.06948296980767164,0
0,0.045634447482141266,0.06834153197470133,0.08663207751825874,0.11398806860551827,1
0,0.14039203354297694,0.1410876899816981,0.1368554553932235,0.14403852047777987,2
0,0.09737774633201757,0.09451647265267782,0.09489248128458283,0.08702633190447034,3
0,0.05609442760550243,0.062275886031966626,0.07367330258153276,0.09125373134328363,4
0,0.08748564162689698,0.10092804695241242,0.10227936879018118,0.0,5
0,0.11014466439999304,0.08169016763761744,0.06416438929168988,0.05967127693792218,6
0,0.1447609840945962,0.10673748631704649,0.06269551872314305,0.07412785882177364,7
0,0.13935978962945186,0.1450615920278545,0.1391208519675714,0.11389641683617585,8
0,0.10654913509251956,0.12355497382198954,0.07947058823529411,0.08389752485155777,9
0,0.12710019745835655,0.13887351009486743,0.06451399979437267,0.06360136452241716,10
0,0.12146192621405466,0.11594633172718294,0.07111874206740942,0.08039454385450279,11
0,0.1073322203672788,0.0733217550274223,0.037167419734351836,0.0514319183484111,12
0,0.06448839158494674,0.057537039851658256,0.06906325613549946,0.08191126279863481,13
0,0.1207418169795379,0.11761174950703746,0.062163731830697344,0.07471361215402078,14
0,0.08765816581658165,0.11423296558076212,0.07731083252973325,0.059485842026825636,15
0,0.13121602307119423,0.11457867360208063,0.12006473517428701,0.09829420726658494,16
0,0.10445245515034118,0.1073636542626501,0.08682816471784444,0.0962655838142053,17
0,0.08362773482480668,0.08735384424910236,0.07144380982128912,0.07684455829508663,18
0,0.06973440842520981,0.07241479964153119,0.0,0.0,19
0,0.10254725597325287,0.13569902405588014,0.11716029176303148,0.11659744909375702,20
0,0.11184773001205306,0.11676621899383371,0.10790186549615932,0.14114762411057497,21
0,0.09626491305679385,0.1188435930410307,0.051322987539178966,0.0802184052006919,22
0,0.07513342648891574,0.08477186311787072,0.0759198882161155,0.08588187372708758,23
0,0.11857967070349706,0.08625015777464928,0.1055772218769423,0.09533701053673427,24
0,0.13992838298693777,0.14041063632755654,0.08622038980509744,0.08279551820728287,25
0,0.10207677819435312,0.06713091803433763,0.07335387399810389,0.06420404573438875,26
0,0.10773426382047069,0.13393277310924367,0.060211572023090326,0.07519933357134356,27
0,0.04445505036639702,0.04782880912560572,0.08960270498732037,0.08778625954198473,28
0,0.08803525046382188,0.06741199662067021,0.07633231447612365,0.09171265412807544,29
0,0.148928844092593,0.11992138431958982,0.06545381243573786,0.07058509170796505,30
0,0.10451488441709629,0.12115646661532081,0.0943189820581008,0.08993896753411887,31
0,0.14586143071535773,0.15066987884361627,0.09318548375809996,0.11065903273609057,32
0,0.10888214613268116,0.10581663969058086,0.08923961700560579,0.06970777290103358,33
0,0.08659298623860939,0.04705921127400841,0.06743627246134554,0.08049269311064718,34
0,0.0690891089108911,0.0690469337482173,0.0657671715728303,0.07154258675078864,35
0,0.07080183155682329,0.06345236309077268,0.06959890766656246,0.04132640201638316,36
0,0.11625777562094675,0.12247636545849344,0.07132067932067931,0.059581738655002735,37
