,cor_s,err_s,cor_a,err_a,Participant
0,0.14084507042253522,0.21875,0.18497109826589594,0.23529411764705882,0
0,0.15897435897435896,0.4166666666666667,0.15934065934065933,0.36363636363636365,1
0,0.12650602409638553,0.12195121951219512,0.1270718232044199,0.18518518518518517,2
0,0.13756613756613756,0.2222222222222222,0.057803468208092484,0.0,3
0,0.09944751381215469,0.15384615384615385,0.14450867052023122,0.12121212121212122,4
0,0.15476190476190477,0.358974358974359,0.19886363636363635,0.21428571428571427,5
0,0.14492753623188406,0.07246376811594203,0.19254658385093168,0.2553191489361702,6
0,0.15384615384615385,0.24,0.18974358974358974,0.3076923076923077,7
0,0.14130434782608695,0.0,0.16666666666666666,0.0,8
0,0.19736842105263158,0.26785714285714285,0.1875,0.15873015873015872,9
0,0.13291139240506328,0.10204081632653061,0.1357142857142857,0.23880597014925373,10
0,0.2129032258064516,0.22641509433962265,0.1791907514450867,0.23529411764705882,11
0,0.14130434782608695,0.20833333333333334,0.15950920245398773,0.1724137931034483,12
0,0.11971830985915492,0.10606060606060606,0.1282051282051282,0.20833333333333334,13
0,0.19333333333333333,0.16071428571428573,0.19333333333333333,0.16666666666666666,14
0,0.17318435754189945,0.3448275862068966,0.2032967032967033,0.17391304347826086,15
0,0.13829787234042554,0.3,0.17777777777777778,0.30434782608695654,16
0,0.1901840490797546,0.3111111111111111,0.2185430463576159,0.18518518518518517,17
0,0.18181818181818182,0.18604651162790697,0.1951219512195122,0.14285714285714285,18
0,0.12837837837837837,0.2909090909090909,0.15151515151515152,0.1956521739130435,19
0,0.1702127659574468,0.15,0.19148936170212766,0.21052631578947367,20
0,0.16230366492146597,0.23529411764705882,0.14361702127659576,0.3157894736842105,21
0,0.1746987951807229,0.14285714285714285,0.13333333333333333,0.14285714285714285,22
0,0.21052631578947367,0.2972972972972973,0.15172413793103448,0.19444444444444445,23
0,0.10240963855421686,0.16666666666666666,0.1813186813186813,0.32,24
0,0.14814814814814814,0.21052631578947367,0.1746031746031746,0.21052631578947367,25
0,0.15328467153284672,0.21428571428571427,0.12571428571428572,0.24242424242424243,26
0,0.1590909090909091,0.3125,0.22043010752688172,0.18181818181818182,27
0,0.1411764705882353,0.15789473684210525,0.15789473684210525,0.3333333333333333,28
0,0.1111111111111111,0.15217391304347827,0.14193548387096774,0.13953488372093023,29
0,0.1488095238095238,0.225,0.1388888888888889,0.21428571428571427,30
0,0.15873015873015872,0.2631578947368421,0.2,0.3,31
0,0.11475409836065574,0.28,0.11518324607329843,0.25,32
0,0.11627906976744186,0.14102564102564102,0.18041237113402062,0.25,33
0,0.21153846153846154,0.1346153846153846,0.1497326203208556,0.23809523809523808,34
0,0.15950920245398773,0.1590909090909091,0.2,0.2777777777777778,35
0,0.15757575757575756,0.2682926829268293,0.16842105263157894,0.1875,36
0,0.1588235294117647,0.13157894736842105,0.1631578947368421,0.2222222222222222,37
0,0.17679558011049723,0.2962962962962963,0.13333333333333333,0.23076923076923078,38
0,0.19607843137254902,0.2,0.12,0.375,39
0,0.18041237113402062,0.21428571428571427,0.1595744680851064,0.16666666666666666,40
0,0.15606936416184972,0.20588235294117646,0.16216216216216217,0.3157894736842105,41
0,0.17751479289940827,0.1794871794871795,0.18452380952380953,0.2,42
0,0.16778523489932887,0.15254237288135594,0.14556962025316456,0.23255813953488372,43
0,0.20418848167539266,0.25,0.15217391304347827,0.23809523809523808,44
0,0.1871345029239766,0.2222222222222222,0.16666666666666666,0.18181818181818182,45
0,0.15135135135135136,0.13636363636363635,0.18994413407821228,0.4375,46
