,cor_s,cor_a,err_s,err_a
0,1.8735288435601565,2.333143615716472,2.1128108728756483,1.9685823769331408
1,2.3620706047080398,2.4744013727702985,2.5239462401482893,2.517913023531954
2,2.5202179904294604,1.8807013004493927,2.514806633497479,2.1169807638096065
3,2.442506389995209,2.2919591468908997,2.2458347328828885,2.452793875915427
4,2.479993912286297,2.3423613471048546,2.259079024051027,2.4383586236112977
5,1.8609718167754283,2.226896906425628,1.7824906942384309,1.9701432309802667
6,1.9185553809221987,2.103030279023842,1.8523762909325476,2.1097696455931865
7,1.8134058663434802,2.2317415465593466,1.6857749999825182,2.3614403851595323
8,2.336601879551342,2.813458585572359,2.594170988229882,2.4194412033220885
9,2.644656684639717,2.630662877714549,2.6964882297660364,3.0568509992602615
10,1.8425397368835204,2.459265184864083,1.7657448090096104,2.4014072970285856
11,1.9768381980793253,1.8293060208893268,1.966487630916656,1.9039657156436454
12,1.834323350383883,2.0446256820415716,2.0340254176045987,1.9675145778465661
13,2.2583657719900847,2.249480722703485,2.1408209371870295,2.5999488407347404
14,2.4691024918190823,2.4923405247165116,2.591045176000225,2.453306605815767
15,1.9347823175233279,2.007480274731636,1.9402801802644964,1.8921612422097467
16,2.6167278714633824,2.1221837405338673,2.559579702238333,2.219949708295696
17,2.3712816761855344,2.683820905415473,2.0775142745578425,2.6238794378080934
18,1.949970663214071,2.3201154259174626,2.2925826635926954,2.3832320362516137
19,1.9985161299525356,1.9528601438556104,2.075578825060744,1.690552372203672
20,2.3043892266064057,1.9705184964501323,2.458257247445585,1.8600334388758832
21,2.443769576994404,1.7722445461602347,2.301201586464859,1.8637152384535791
22,1.8747217279831279,2.3481913532956495,1.8630653398506283,2.340975493613874
23,2.399037913449879,2.3283709975594586,2.4077352051645806,2.173135671323105
24,1.8640614245794842,1.8676406699086874,1.7948699936176993,1.8294891222237897
25,1.9268483796577462,2.8748700361541535,2.010837295889373,2.4522448352158466
26,2.4062569432509333,2.2734775785699823,2.2379718472155186,2.5532064909088987
27,2.5706068125238284,2.267151433114897,2.673015633128944,2.283076694979089
28,2.3047246587338464,2.0504256824520266,2.311581168651873,2.1149833339341098
29,2.3049924943364317,2.181728025050719,2.809973756433629,2.2047513194221287
30,2.404466096552634,2.3503334883305858,2.304585512155613,2.32737362557496
31,2.4235567507600173,2.409691766160287,2.5550211685178414,2.674483393522473
32,2.197460377393827,2.241455597945892,2.144906860409363,2.0582742840909365
33,2.471567895633213,2.265618222699639,2.361400843225294,2.3819918054980653
34,2.235327703028339,2.3121818102559972,2.0440575338268236,2.625852577178736
35,2.4637045136483686,2.5423349828794968,2.243835998853672,2.442045955167772
36,2.22284906783234,2.1215572186682086,2.2227189149047533,2.2592755554692907
37,2.5201750692150817,2.4232610885146197,2.323006723755912,2.342371427381631
