,cor_s,cor_a,err_s,err_a
0,1.7986612493887262,2.3802236174339555,1.6293534549722677,2.786726213413118
1,1.832338053000733,1.8246859338910237,1.766590075623229,1.7726708272013458
2,2.5742262587340883,2.1534260180847022,2.6757793566226535,2.3105371587141863
3,2.454378384563173,2.436311333169333,2.3465822465836137,2.3985149747170516
4,2.5944419352206376,2.5631729416042983,2.605969149373943,2.7786074567858208
5,1.4856958750893567,1.7667053370386705,1.4687471481581367,1.6451925019172573
6,1.6428199288594147,1.7932815716206727,1.6488860245581858,1.92758964811111
7,1.4364130340371546,1.8310413026277805,1.4696158562000214,1.8497666296129898
8,2.23694210433692,3.0134295665353648,2.2352961977540504,2.969825630202039
9,2.918275016704603,3.1208817987873445,3.1183448989178597,3.0175192566327773
10,1.6006728213556176,2.706796068719314,1.5444547977555303,2.9200242129184195
11,1.682187134014737,2.5307502332245737,1.707222095106796,2.2701124480398454
12,1.5475429989149407,1.896841012789639,1.5343461376675465,1.9030384468857873
13,1.6500162695926204,2.2527071582037785,1.6748236181263625,1.9048090827430841
14,2.1356174137457495,2.626680182152859,2.2954668987441282,2.6164304997127443
15,1.5928043551027373,2.2190263467161837,1.587209295189679,2.3112908428450574
16,2.7376901854110947,2.2665156032691605,2.4416945971730826,2.3680639094002833
17,1.7913741077521192,2.783050352964154,1.8449737226005953,2.689154508225826
18,1.819482543022425,2.2115241101210645,1.9058240228667924,1.9933188125502126
19,1.4835795920940567,1.7862981753758655,1.3938952224610086,1.551839084422637
20,2.7594539028920826,2.166669836739736,2.8930520825783748,2.004669871828532
21,2.053903267084609,1.7975098361612927,1.9793977705660866,1.7444636404776368
22,1.5981581318102074,2.3231190612478554,1.6648297575770266,2.1729079866669965
23,1.741010637683307,2.060405381980422,1.7852297309310041,1.8749070646917658
24,1.4324519809297525,1.5918810155805518,1.4576703661304258,1.6967120031441594
25,1.8907764781890861,3.2419266570497154,1.955086307727772,3.1395015026351456
26,1.7791318330914416,2.0236525534669685,1.7934257191307423,1.8932946699455382
27,3.108191739197085,2.6670056934947333,2.8541550348177283,2.996749727997017
28,1.7619812498807168,1.94793888251905,1.6801594006586937,1.9041750303528835
29,2.726925704299078,2.5503359347016628,2.4760473868826245,2.6762078950333765
30,2.1274352218533568,2.3905692396185336,2.2572814371575265,2.512486106836079
31,2.9226608604273556,2.955581334268972,3.3835718717524927,2.9868587429948423
32,2.403263806221483,2.3883890889497708,2.185234324030818,2.640306397351803
33,1.8865699736903356,1.8902293777367034,1.8266137637055748,1.8745985543292685
34,1.7792542541583718,2.1598466933749503,1.5676441094261309,2.201806735260388
35,2.6344563422059193,2.814094075064735,2.2587233506556346,2.9534227827622597
36,1.570280598382048,1.4724001426287114,1.6565208415698505,1.4390594083363621
37,3.005279902072566,2.9864055445350948,2.723749058799538,2.717094622659319
