,cor_s,cor_a,err_s,err_a
0,1.2723404255319148,1.3339483394833946,1.4316546762589928,2.0
1,1.2114942528735633,1.2087934560327194,1.2249999999999999,1.360352422907489
2,1.330708661417323,1.2889908256880735,1.2506887052341598,1.3125
3,1.2582733812949642,1.2416953035509737,1.321608040201005,1.2899884925201381
4,1.326504481434059,1.3265306122448979,1.398571428571429,1.3341708542713568
5,1.2477611940298508,1.1651162790697676,1.2532608695652179,1.2149625935162094
6,1.2272727272727273,1.2262931034482758,1.2418952618453865,1.2966442953020134
7,1.21875,1.66441717791411,1.2040871934604904,2.018937644341802
8,1.2212389380530975,1.2107438016528924,1.3347732181425485,1.257616580310881
9,1.272058823529412,1.3015590200445433,1.2538461538461536,1.3946210268948653
10,1.4059945504087195,1.3690773067331672,1.417365269461079,1.4342857142857144
11,1.3090909090909095,1.6552901023890785,1.2257217847769029,1.50784708249497
12,1.36144578313253,1.3103950103950106,1.3448369565217402,1.3344110854503466
13,1.6163522012578617,1.903804347826087,1.3617021276595747,1.4713333333333336
14,1.3458498023715415,1.2739463601532568,1.3087934560327201,1.2863366336633664
15,1.6200527704485488,1.5350427350427351,1.5323782234957022,1.5958333333333334
16,1.336389684813754,1.2783042394014963,1.2579113924050633,1.2814285714285716
17,1.5260416666666665,1.315065913370998,1.6745222929936314,1.5685000000000007
18,1.2533333333333334,1.2425249169435217,1.2660968660968661,1.349044585987261
19,1.2849104859335037,1.2219239373601793,1.2754409769335142,1.3158163265306122
20,1.493939393939394,1.5287671232876714,1.3835866261398206,1.3867069486404833
21,1.4251091703056769,1.4039497307001794,1.3358778625954197,1.3685314685314685
22,1.7358490566037736,1.7209944751381216,1.4440677966101696,1.5896656534954408
23,1.4904942965779466,1.25,1.2770083102493075,1.3021077283372366
24,1.668918918918919,1.4567938931297704,1.852830188679245,1.498091603053435
25,1.315217391304348,1.3237410071942448,1.1936599423631125,1.2598290598290598
26,1.2863247863247864,1.4421923474663907,1.2105740181268883,1.3727382388419782
27,1.2311977715877438,1.2595,1.2284122562674096,1.2216358839050132
28,1.5653370013755157,1.332064128256513,1.477602523659306,1.3492822966507176
29,1.495685279187817,1.4971677559912855,1.3318066157760813,1.460093896713615
30,1.6177650429799428,1.636756756756757,1.5198776758409784,1.3092485549132953
31,1.631578947368421,1.7411167512690355,1.4909090909090907,1.4269175108538348
32,1.495685279187817,1.4971677559912855,1.3318066157760813,1.460093896713615
33,1.534615384615385,1.4091539528432733,1.368421052631579,1.587073608617594
