,cor_s,cor_a,err_s,err_a
0,1.8374462464913335,1.6121330289346198,1.8011119113738172,1.6135207602885622
1,1.6032110169286313,1.5686772075616549,1.7358179311589006,1.5268854543154782
2,2.0165365452268924,1.9402751977249455,1.9290899904722956,2.0851720619876315
3,1.5197801964653734,1.4322902884496145,1.481042957743292,1.3580992011252837
4,1.8910495890959023,1.8493922229413453,1.884945979885936,2.047623640033668
5,1.6105442304116129,1.4776185282441539,1.6043416008190028,1.4542191030247253
6,1.5538807304137348,1.5239153156898297,1.6711486876553847,1.5651714360273261
7,1.6084300941305234,1.757598180404905,1.649960414627466,1.7292551441484605
8,1.5535631724963144,1.6237258053222396,1.535509110199312,1.658185782680392
9,1.641561824939762,1.5761766048258852,1.6418596510836527,1.5578512211707978
10,1.8928873163052748,1.9313158861517754,2.003238109363978,1.8286365091528114
11,1.7087787386142654,1.934083903621968,1.7320411743037674,1.869940489271777
12,1.910460193310157,1.8578090511766452,2.044510916565254,1.988318133294081
13,1.8866581774751445,1.8105400016774056,1.785554211901354,1.7161984154664014
14,1.6292257876710035,1.5061261399634498,1.6981927800230288,1.5157945697053314
15,1.9158252689893303,1.912453887039079,2.0505899736128335,1.7919120048082071
16,1.7135449782380503,1.9068297929374753,1.8863393748982118,1.9214109079794708
17,1.8188720688731552,2.043874463543135,1.8630218265787668,2.2104900775308827
18,1.4696562356245584,1.4498381350119187,1.4578891366522047,1.2024695074939098
19,1.8757866583160054,1.939541292950746,1.8463896385925695,1.8958851534743169
20,1.802926877261717,1.9064602402317585,1.910915845921126,1.9662517069461263
21,1.8108492897263326,1.994526549467681,2.0303044705838134,2.209363336958468
22,1.9213214207191167,1.8073914134042193,1.8606536400870695,1.9380718173850435
23,1.9179447687174884,2.0001457635545394,1.892922888865446,2.041806230925958
24,1.7914428534830533,2.1362394081922846,1.9970819759852714,2.0148506871537726
25,1.841149056167062,1.8460677927130584,1.8029291051508012,1.7858456473365223
26,1.7767456263042742,1.8104315952760677,2.0083035299262635,1.5442726961112556
27,1.8322056761796874,1.7924231730270217,1.67268111484405,1.7893062733163758
28,2.024044031716153,1.825218977716629,1.758431729781315,1.8629893761633456
29,1.8920417812388706,2.137042682412827,1.8320316693892735,1.973962428670063
30,1.7512494473158233,1.8418322043910602,1.8537546482259064,1.917312571137767
31,1.8938431821163841,1.854842914915619,1.8440314516774716,1.7268284196736639
32,1.9098108716792987,2.005082580211363,1.9211389187470531,2.0185146354630272
33,1.9336177699001875,2.2398566281568715,1.877550212823481,1.98635949663719
