,cor_s,cor_a,err_s,err_a
0,1.3185430201291577,1.282207799578984,1.3010181687062594,1.3540994616124082
1,1.3263375299848326,1.5033219871708603,1.4852793840281644,1.290091658027337
2,1.2528122758730962,1.342470550479464,1.1847910529339918,
3,1.2089984317173095,1.3136087223378567,,
4,1.336828999230687,1.4296711172294512,1.323705363102132,1.2773458616406757
5,1.2603354636072313,1.4025970160860537,1.390169193399295,1.5008411751265938
6,1.4156876565800987,1.9872033519031718,1.4483598287501838,1.6251427155574225
7,1.2141259003438911,1.6732601301595313,1.2195100124870326,1.3007857998690562
8,1.3347227297859916,1.433259697613792,1.2987213756330886,
9,1.2788302873552402,1.3081570527491309,1.2669615595789925,
10,1.2925443424809133,1.62944978443704,1.403547870033386,1.9817912811140088
11,1.2812914719261823,1.8736668470845743,1.5534837122703165,1.6531395852137871
12,1.333499283059054,1.9910832335847666,1.2638506215836351,1.6745440606194701
13,1.252313242600467,1.6344206898035702,1.2856532669996754,1.3617628173816934
14,1.4200402442715205,1.577747293183644,1.4222067578051842,1.525737940465447
15,1.3358757406881894,1.4454098670811384,1.5496909225852231,
