,cor_s,cor_a,err_s,err_a
0,1.3887338736540313,1.360155343960588,1.416944884848992,1.4130856477727496
1,1.3656362306669088,1.324538432022508,1.4392766746256924,1.3557669937986585
2,1.5918523015994737,1.5304715381245932,1.518844354595325,1.4602539458294008
3,1.3161443781037572,1.3117594130081442,1.3919604782999926,1.3148141539311293
4,1.4561146270759002,1.4419483604509644,1.5500952940381074,1.4461110862658926
5,1.3597203883934417,1.3261035387482505,1.5108987564715166,1.3368912435173332
6,1.3564943581635913,1.2864032119757867,1.421203412377781,1.3340735744999086
7,1.411413007494886,1.5308329204750972,1.4495969677976306,1.6104275130498475
8,1.3377879964190245,1.3010400368085444,1.3154060537678713,1.3476180330360352
9,1.4701980306115845,1.3305115937521956,1.443431337921474,1.3322871710276185
10,1.532263385394278,1.5620786118607048,1.6516644715683966,1.6900518932890016
11,1.3798313654190792,1.6784086623890604,1.446611168021961,1.7342585557183754
12,1.429825545674613,1.470539179287616,1.4857680036147618,1.406168280418904
13,1.4763946579882712,1.707094186890068,1.5321909547873556,1.6254479246756564
14,1.3046842632143294,1.2988746363842925,1.3223890026667124,1.2825511273694197
15,1.642657170631875,1.6073851310577276,1.574614712702661,1.5970020101945939
16,1.4950620343531262,1.449130069460774,1.549093802003889,1.3892580285251472
17,1.6617944137137342,1.6476253206108264,1.617576741443407,1.7088330709922415
18,1.228667551498781,1.224754185138817,1.3188262819900072,1.2317815007267967
19,1.4298210654789416,1.403605024100066,1.4338195596010672,1.3932025328047524
20,1.5994304531506147,1.6775369492425765,1.5322719746063462,1.5870849110360166
21,1.4875413865223028,1.6349958614357212,1.4992756013914263,1.548003338769354
22,1.5564004063185823,1.7403055488419594,1.5723596353685887,1.740094219467378
23,1.4365677456154398,1.424647413933342,1.4499254224096103,1.4056974551669033
24,1.7267189160760443,1.8969362081254988,1.696039592688613,2.007737568680368
25,1.430352142536535,1.5478416670906028,1.484520856537848,1.4711337538166414
26,1.4069808120932459,1.5677839966084453,1.4479804010653734,1.654445610816904
27,1.4481750525589634,1.4089320697212007,1.451931295940561,1.3788027635053492
28,1.5086782737223179,1.5370706621447434,1.4984175354120046,1.5172338224338675
29,1.5156288895631718,1.5309140281855746,1.5938649493479122,1.559622060696254
30,1.5099011991040023,1.7467071936754213,1.5234620712039986,1.7207470985276856
31,1.597025131087158,1.6989711422562157,1.526224837514187,1.7448529146743
32,1.4814246246702123,1.5163647224535612,1.4680381349972695,1.5565963330387127
33,1.428486247868576,1.6748796261864536,1.4298703939907664,1.623636553265082
