,cor_s,cor_a,err_s,err_a
0,1.7197505718037256,1.8228256681315755,1.708349626539243,1.8651561201658884
1,1.509313211728588,1.6000407045972642,1.5008851845502937,1.6061288685277255
2,2.3201977406908636,1.737011695500806,2.349359417612289,1.7641561968240391
3,1.3522754102852461,1.2385416683865498,1.2361967234739197,
4,1.7458767864334517,1.615667901987242,1.7750187384694402,1.4931170323535434
5,1.7358496585094523,1.756850061300011,1.7671341981861641,1.7027254746179736
6,1.7266746212371018,1.2961827708163696,1.7221866122250782,1.2545608956328977
7,2.049068068798126,1.628414530428825,1.965912175613304,1.589693462688314
8,2.1853682165540036,1.6772691540838498,2.299780017783338,1.6554596469868486
9,2.056002289326059,2.0042546552634453,2.0005612531028096,2.0214085822388754
10,1.497063237223095,1.2929458120400883,1.541237630109958,1.0908086843473017
11,1.4823439096435445,1.4981452814389173,1.4827167401849233,1.5642535710801737
12,1.3570515786730422,1.456502290316491,1.2477089211321475,1.4776408309740976
13,1.7214733930244976,1.443716663078238,1.7052836686431208,1.3238405071764385
14,1.6051516414676323,1.929543352207189,1.619615685628741,1.9349849220212967
15,1.4456715132914726,1.2282275228007047,1.4323211805379794,
16,2.1000777942044957,1.8066446841434354,2.119852618401698,1.701161687966942
17,1.5046243361087497,1.377437868003913,1.4477627044704338,1.2139702469849252
18,1.594727452587247,1.5159223816612026,1.5932864279280676,1.5183395376343203
19,1.8084897987807158,1.4774610836795998,1.8374984744230074,1.5430576755458785
20,1.7811376895801336,1.611820969026173,1.770208867617683,1.6797434726018925
21,1.9335705493854176,1.6882572755369978,1.9576097895610487,1.6587209605561146
22,1.5302642979010446,1.2017426186473654,1.4762536994501136,
23,1.6204517356747838,1.3868162347833703,1.6063784944261963,1.3715976898022397
24,1.6100574120344358,1.342318644461331,1.6242113498637696,1.354501976649664
25,2.018588175311467,1.4675645964880457,2.033555388164323,1.427441959384053
26,1.2931861447206496,1.4990159714416162,,1.4649570042520055
27,1.555578041939964,1.3589943450888615,1.5328733218113855,1.3442237559780843
28,1.4161200791875233,1.3600837199714755,1.3535739149499935,1.4067028755907178
29,1.421148686078925,1.441510247866197,1.4532116545924512,1.4791915550296413
30,1.826548261081596,1.3683269571506178,1.8609134161785952,1.3483542982802041
31,1.5738536407158024,1.3191208253774236,1.5662506311863225,1.0258062471838978
