,cor_s,cor_a,err_s,err_a
0,1.3639323831961399,1.2518216871208068,1.2597599976611444,1.2053931526610964
1,1.2805746089136874,1.398546350604792,1.3743516873266002,1.4237741844054697
2,1.4811885757382386,1.4222301397526873,1.4602252017130197,
3,1.4339163027096669,1.3263085233632907,,
4,1.2696969944804202,1.3193693007196685,1.3551650626855913,1.3646874786626857
5,1.2868044000762726,1.339376689704964,1.3719897417899543,1.2782331849588304
6,1.3180812044614794,1.3033541577707293,1.3986418864895038,1.3210716687779918
7,1.3687296915167018,1.573008564450972,1.3950881935274124,1.43598210812665
8,1.3862026107428378,1.515016785551525,1.4369937418825816,
9,1.3443154672015687,1.5308346212435209,1.3664575477721745,1.4777377215777612
10,1.3353047580753836,1.5572128551874622,1.4101380438181546,1.5346640059138157
11,1.361787443765727,1.5493998873447088,1.470147965525957,1.4946640488969034
12,1.2095272616417363,1.3742226913376399,1.2483531512183672,1.2007146103819641
13,1.285896764569521,1.3756694696340512,1.2865527586418122,1.3674857198353925
14,1.3461524284788233,1.5562921081350636,1.371998414906029,1.5168801567855932
15,1.2160257087010717,1.4216464684901482,1.2582693503003126,
