,cor_s,cor_a,err_s,err_a
0,1.8609110310412869,1.815293753165229,2.087189177092439,1.714127993906425
1,1.9648898330451376,1.9169467732726728,1.9177774001874168,2.030707099919375
2,1.7209094060838772,1.6570766247406894,1.6409520177924628,1.5855921337312262
3,1.7948870290810295,2.0959174481883345,1.874793912908685,2.374588472148342
4,1.879935428404685,1.6174854917075767,1.901164703386852,1.600605919859626
5,1.6028173767965859,1.7086407061521234,1.6522654251714122,1.697089978236182
6,1.8556548558242318,1.7459212628228193,1.742580264433244,1.845374629843536
7,1.6837856458400398,1.5080455059443776,1.677236438607061,1.336348214953108
8,1.5282608533377804,1.686237827657135,1.534068811476491,1.7269227400723495
9,1.8992970662691953,1.8507702441438258,1.7859968092155376,1.9360099522882472
10,1.9118945969581769,1.954264385654874,1.8636709377176233,2.380010678176843
11,1.6951704515005042,1.8138802764924051,1.573446950673731,1.6976855138157534
12,1.8378949727171785,1.7197450883263752,1.7532286579243967,1.5089061326174376
13,1.9130097346026687,1.9127560805035912,2.0769745516768983,1.901005873801554
14,1.8271550362849343,1.8453819347489493,1.779486650647341,1.7612628180710985
15,1.742322643733608,1.5996364443862376,1.8588329652368725,1.3381264055953737
16,1.6507646024220157,1.6724501941857253,1.5945446986236085,1.6565448076628846
17,1.6888939737129347,1.6548550277393699,1.6880304717667085,1.8311104428471856
18,1.6475204191723876,1.8121276447507813,1.7787798051522394,1.6962475427348265
19,1.917268951857565,1.7876909540715138,2.0206747794638455,1.922313365689769
