,cor_s,cor_a,err_s,err_a
0,1.3229491720484174,1.4497840833669813,1.3581278401255288,1.4767848109899853
1,1.4763441012907317,1.522616972511264,1.3489544688639274,1.615891766873499
2,1.988654707156421,1.5502473611787806,1.8263662377334322,1.4762922940115673
3,1.2298411488502377,1.1780110979526364,1.3137670629608138,
4,1.5393101428057085,1.4779972791346774,1.8046807550792836,1.463326359314248
5,1.3212205365374776,1.3523319970565795,1.3610269982180798,1.4329190996405183
6,1.351835659717471,1.205409074322425,1.400769998585576,1.3574466053666612
7,1.5361277942774636,1.4630055245135756,1.4549081202356446,1.3859972950933337
8,1.4532983395008734,1.3748667646909136,1.399888868516557,1.3613475176322531
9,1.4855168553340732,1.688693824822325,1.5621302135986177,1.7175620158212663
10,1.2260169767961102,1.188323187824317,1.218799556264893,1.5802915408827456
11,1.3116375000289169,1.4054972616631372,1.4227552486983737,1.2298086365212486
12,1.271397532938872,1.2890132111896389,1.2327280611780915,1.3100825519748933
13,1.5248515182233167,1.4130849313942957,1.5701334402784257,1.6392016469659683
14,1.2976145601830011,1.4300089622395622,1.3256588819959059,1.4373327720768507
15,1.29316446858348,1.184410757717297,1.2882266495956463,
16,1.7266884105923734,1.6980776164449711,1.6216217892448341,1.5544262578380899
17,1.287976440085485,1.2885916366977,1.4230967492026763,1.300925463622292
18,1.522865069963991,1.3866352530256871,1.3882155342948856,1.5538870888454013
19,1.3957516596246624,1.2939389572844389,1.3358421802282683,1.3776675744191398
20,1.3885553915750695,1.3603741375682257,1.385993155506651,1.497911808503675
21,1.4230635032406194,1.3936552797708546,1.41937787456165,1.407490366573911
22,1.235047854056656,1.137292157390714,1.2832062853829116,1.1680318420725033
23,1.4601234418633537,1.2551021462334186,1.48521494112301,1.3371046610437707
24,1.3559093438810352,1.2162555400209396,1.3915077319116393,1.3133964923846362
25,1.4661069642275828,1.2636881048045858,1.4730394782072813,1.4014926321138415
26,1.1895667570041193,1.2485402359788849,,1.2119406972159312
27,1.3861063958311863,1.232431134212202,1.5637148533081298,1.2370440322663534
28,1.3482605507594096,1.2679744464006106,1.3916009939471792,1.2427220523568872
29,1.3184646975781085,1.351170025752055,1.5224216141036018,1.3644991647472526
30,1.3494398969652923,1.2267598704323106,1.3393456856147756,1.3829972757033815
31,1.3591113106515285,1.2915334008305057,1.4091027510657164,1.311821294623194
