,cor_s,cor_a,err_s,err_a
0,1.6282663810262887,2.0420802294575733,1.630606596155112,1.8976735846533885
1,1.4193854178288867,1.905330047721911,1.2883468748602815,1.7509973967850352
2,1.9576152107534786,1.7081550083328023,1.863058531727158,1.7052636819645808
3,1.7018534514105872,1.4552418401919176,1.5982256183426924,
4,1.6206768793115318,1.8478331062939366,1.445364448553137,1.8718067185753267
5,1.5116377217971075,1.8566004308729243,1.4718033653724887,1.7212852500222307
6,2.0679785136504134,1.8250608352611821,1.9758657307950658,1.7623281294160629
7,1.5078337442713952,1.5072205136117354,1.4765487519257625,1.4929986719638297
8,1.5305644642001122,1.8531487777582885,1.5290618061175947,2.054545535845245
9,1.7851563156856707,2.018389512631219,1.7170472682281117,2.0981714086209577
10,1.5439072478236453,2.177779743136694,1.5873462144283057,2.1936621797121933
11,2.010464851800804,2.035368643348661,2.112624455267494,1.8126535716438477
12,1.61678603700734,2.014425649888698,1.67575268116695,2.236637651949526
13,1.8927443134237423,1.9305772058443635,2.0236620869455004,1.9274748585817691
14,1.8028499585399789,2.326217301578133,1.769148342565941,2.3510177113993156
15,1.6516726144425105,1.9774452670791776,1.7603875589829483,1.8105040542112574
16,1.7167723159665729,2.0409029068031215,1.4823313966687894,2.1487226246557385
17,1.5873616290006558,2.096958883777206,1.5203742006859569,1.9462903548179535
18,1.7742287080370276,2.1135719389917313,1.8411064814804496,2.173802192227779
19,2.4212712079708996,2.2656917745602265,2.422081801913393,2.30117502671285
20,1.5355410409035597,1.859317341650767,1.4308916886225793,1.717246368678648
21,1.578854833808839,1.856051950425693,1.618511789037514,1.8466995016589982
22,1.8666661617660913,2.0251956973942637,1.6822837823216896,1.9983823396935925
23,1.7107144329599544,2.1909035007395303,1.7307962681730316,1.9265992320579863
24,2.0985322353370006,1.9128002633774863,1.7586789364595994,1.5645419306639874
25,1.441341712237003,1.7679015965387985,1.3601611649613892,1.7767536079735058
26,1.580944653846486,1.8011699687562897,1.641049512333138,1.7862247377844898
27,1.4186055038415215,1.5875196544926653,1.3603078556368344,1.8133711578738776
28,1.6117175530282253,1.5349184248687622,1.6642499931166843,1.5542044416595016
29,1.8381213071293065,1.905957458425135,1.7369807893700608,1.9256347092808992
30,1.7040948918237284,1.6914146164071262,2.077305344365332,1.7176465066076048
31,1.8326398981889909,1.8949062525978626,1.826205926305727,1.7994754511624367
32,1.6506415562461725,1.7254529361221354,1.6587305043246408,1.6652367249219087
33,2.05603998163327,1.7462379413768025,2.01674993767184,1.8461442468233993
34,1.5558437302094206,1.7507229651409013,1.6147996723095455,1.5258025205631436
35,1.420114259460686,1.7131008284531257,1.4568833436486401,1.750747617675658
36,1.8833103360957204,2.000138803670299,1.8178476397743133,1.840273320867212
37,1.5380830870862452,1.589982348473207,1.4847786748939444,1.4816986348325805
38,1.6619758662977697,1.5115252796134664,1.8289456970863327,1.4550397765413605
39,1.746371941588596,2.022035031593716,1.6886565661384016,1.9755632648542067
40,1.605320857058196,1.8906926336561722,1.5449929499067776,1.7772211746543736
41,1.6212138522024928,1.8962559362627562,1.6054830783407823,1.947630474726686
42,1.6655664171176172,1.9409297530728025,1.6654174366980923,1.9437835396958107
43,1.8565758099559329,2.389622136027524,1.885473960221222,2.6044591605887644
44,1.5694049347723626,1.9022918940066211,1.5113853247657143,1.8012914043767687
45,1.7272468653677826,1.8080465508565942,1.6989392090625128,1.801219213855557
46,1.7729483443694567,1.8951832221529878,1.7127866909278007,1.8424706067904753
