,cor_s,cor_a,err_s,err_a
0,1.559334241712553,2.0250862390359967,1.4749053083530823,1.9788235727909746
1,1.3073861788159784,2.0703387515445084,1.2323237561916334,1.7573833162486838
2,1.5712362729022735,1.8802443011702459,1.6278105755063437,1.7676075767039827
3,1.4633311186027491,1.4104207498262953,1.3460515721376174,1.2262929960687503
4,1.4134224445524632,1.753910909828699,1.5068784181952608,1.6909003463625374
5,1.7735958653751478,1.88556848647915,1.5882372456093283,1.7614946118378225
6,1.5658710742182063,1.5674624510117954,1.6874882948297238,1.7732910848785144
7,1.2977705916838103,1.461565639526504,1.3360599087266147,1.6983162347425882
8,1.3486906977470459,1.6423231843119381,1.4550621022676429,1.540738019776503
9,1.797674805555805,2.0166629403378424,1.774753842339665,2.0619944136528203
10,1.4303308672507702,1.9957052303193679,1.411481698871427,1.9850302716202148
11,1.7301310148163127,1.882460225883037,1.6301044773270286,1.914938847636932
12,1.604949381649039,2.0414780402289203,1.7817305957826635,1.862118756911529
13,1.776940450556285,1.8978232099687744,1.8785710662818282,2.0216235235078366
14,1.7697461845515394,2.0983924206865674,1.5964006674728883,2.2857010888187794
15,1.4424290137495783,1.9541334696239168,1.499698053709141,1.8149401322482501
16,1.5808249638900997,2.098363450796348,1.5966724679943773,1.9794491161109722
17,1.4111647450318965,1.8638873171851689,1.4036470915286996,2.036401168894787
18,1.5257899415347531,1.8792302795448363,1.5472485241211735,1.933477791534736
19,2.1118204368998517,2.196868886648657,2.0439500358451204,2.086275928643709
20,1.4196791650357383,1.8275056818126914,1.4364499371409096,2.160344822358508
21,1.4111798331601675,1.7563909144926608,1.3413191220195209,1.7254980519234269
22,1.5990096757381123,1.9356245434904285,1.5446415743337705,1.9629258138046985
23,1.4966554957299076,1.9632402319570894,1.518934067715757,1.826866650422026
24,1.587542620811359,1.785559324796461,1.696214168886137,1.7998373004557187
25,1.27882742844218,1.688574016436379,1.3694297505440642,1.4922784634854638
26,1.3143295423994454,1.6098980140768835,1.365958159852398,1.5548686054004683
27,1.3408630331787428,1.6967233658070544,1.4377650947973297,1.7642309364365485
28,1.2751215220938408,1.47114603805679,1.3965990721390857,1.545224287059237
29,1.6597928081943627,1.8654331649966127,1.6775108455620202,1.8199485660469275
30,1.5496791225672866,1.668000428598817,1.5911667183421032,1.6247486886135187
31,1.6006054691973204,1.7369452055367376,1.6057071890114891,1.840190208298803
32,1.4645248447806507,1.6017022294753178,1.4910929877209844,1.5067502586312487
33,1.4585961914718972,1.6100529151385832,1.4876212099726287,1.6516071476311789
34,1.3456078296578409,1.5987786022487254,1.2852370180474881,1.5821259085230681
35,1.2684393526383966,1.751591967637941,1.2793547971938188,1.7654397532996264
36,1.7135381594810901,1.8572914370460554,1.6856359036877901,2.139789821714875
37,1.3418985723486747,1.5724352011836016,1.3789460393403115,2.025769710242908
38,1.3501572652239706,1.4909614377790192,1.3143577503927473,1.3154306114753067
39,1.43111399861919,1.957816420019999,1.5492220268572579,1.9467721915995704
40,1.358879561605568,1.7140954206888306,1.3122708971203578,1.765731773146497
41,1.4543850608549913,2.2014748547398244,1.457698730672017,2.4255199608760507
42,1.453428595444742,1.789132522426224,1.4349429980030657,1.8846462519239886
43,1.5665352827570256,1.9339907662779316,1.5346789699825005,1.7894033131642486
44,1.4627116330763417,1.9431769860202894,1.520764813389828,2.1689449255591824
45,1.521781096684426,1.6895622520883842,1.543325300485123,1.9779715988619504
46,1.5582933577853542,2.018309990612639,1.7238682406774655,1.8393538776221028
