,cor_s,cor_a,err_s,err_a
0,1.5460095790866069,1.809719978500409,1.5642246789997982,1.7993935216576729
1,1.3743166092712904,1.5458426129551928,1.375644968126115,1.5814112025731955
2,1.4438558266058716,1.5663236779698597,1.4476142669065621,1.5458297740666382
3,1.5384540986856168,2.0627549968162024,1.5329228782619564,2.2120601057401728
4,1.6032469005573324,1.5335279569786167,1.5631395954559284,1.7411200008924
5,1.285151319438088,1.4830258198808204,1.3301097877473305,1.4226535277730048
6,1.4753032850215038,1.4713933236905303,1.5981161233427248,1.5016536707734502
7,1.3979787378831903,1.3442502742084863,1.482026929830922,1.4342089553108353
8,1.405753979582311,1.617934961695678,1.3797991883963436,1.2986825472960144
9,1.4576033334863048,1.683032569134028,1.4651283111445372,1.7218941878551708
10,1.7226900011179724,1.7755285827233045,1.6249209295771208,1.8107934123399516
11,1.3501764675493442,1.5397113016126227,1.3883672438872179,1.4758485604699603
12,1.5050461514447484,1.4448198007474082,1.547849938217553,1.7487063503447164
13,1.46823108896191,1.5810209009095992,1.4640194151957076,1.4329427865929067
14,1.5253930016669264,1.5859113318240563,1.5104216321510355,1.534800005356186
15,1.5026702611332234,1.5772637520620063,1.4445827585727362,1.6533922150404368
16,1.5338077635458247,1.6240679127318711,1.3690888417335003,1.6139066661676504
17,1.4605502098325494,1.6015764146346485,1.6329703262886173,1.5191844241359869
18,1.4709388459901962,1.6704717549017898,1.5105845384285892,1.560088841382009
19,1.5136358580453555,1.542185806727582,1.553967216502756,1.5120148053986724
