,cor_s,cor_a,err_s,err_a
0,1.3464052287581696,2.1434846266471452,1.7171514543630897,2.1260808926080896
1,1.3223367697594504,1.93058568329718,1.2775800711743772,2.0038941587618573
2,1.3394209354120268,1.4354694485842037,2.0251256281407035,1.4721518987341773
3,1.6909667194928688,1.8731778425655974,1.6985915492957748,2.9430962343096234
4,1.3929387331256493,1.5066225165562914,1.499465240641711,1.631111111111111
5,1.2412371134020619,1.4013392857142857,1.2550877192982457,1.4260303687635576
6,1.4364919354838708,1.4421232876712329,1.5145098039215685,1.405921052631579
7,1.4037243947858473,1.3704318936877076,1.3200704225352113,1.2379266750948166
8,1.2867513611615242,1.71470113085622,1.246909090909091,1.9812949640287771
9,1.2616279069767442,1.7530271398747388,1.375,1.8189104007203964
10,1.4315969257045265,1.6753407682775712,1.6893121693121695,1.7311212814645305
11,1.2949056603773585,1.5806094182825485,1.2790616854908776,1.5395109395109396
12,1.2961847389558232,1.5100658513640643,1.5518742442563485,1.41500904159132
13,1.3714285714285714,1.554744525547445,1.411587982832618,1.568096809680968
14,1.3943750000000001,1.3074141048824592,1.6802017654476673,1.8323049001814886
15,1.3573033707865167,1.4654781199351705,1.7888349514563107,1.1465863453815262
16,1.2935483870967739,1.6017211703958687,1.221353065539112,1.4439201451905626
17,1.477170418006431,1.4662104362703163,1.477906976744186,1.9198075380914197
18,1.550537634408602,1.7454388984509468,1.8996575342465754,1.6311161217587375
19,1.4570327552986513,1.660420032310178,1.5031315240083511,1.767825383993533
