,cor_s,cor_a,err_s,err_a
0,1.9226466916354554,1.0751576850724798,1.8205677557579003,
1,1.379597827682372,1.0987872365477453,1.066162738995109,1.1213129912159039
2,3.3085299455535386,2.3516431924882633,2.6309420916162485,2.2722580645161288
3,1.7427281845536613,1.4442247487230186,1.9621783363255534,1.3699661016949152
4,1.3022142429682826,1.175766828591256,1.5018557955582597,1.2199133061867857
5,1.5178528347406517,1.0,1.6575373344604116,
6,1.5226373626373626,1.4831765935214212,1.549514563106796,1.3287379287379288
7,1.6146499768196578,1.8006653359946774,1.3679700499168053,1.4935298346513302
8,1.8085889570552154,2.761838921534739,2.214202172096909,3.542738589211618
9,1.8148,1.4525063721325402,2.110728744939271,1.5568380552640786
10,1.4246401842256764,1.1775380088278566,1.6265012406947892,1.17938662644545
11,1.670707070707071,,1.5401916932907356,
12,1.5838845460012028,1.564543489106935,1.543331206126356,1.4437249460376196
13,1.4821917808219183,1.226781161948209,1.37555697008275,1.0338172941025314
14,1.6264849755415791,1.311135341420199,1.4477701287039806,1.2287104622871046
15,1.3593842510361158,,1.6388151174668029,
16,1.6593248478140563,1.3233454545454544,1.3992730577010453,1.227781269641735
17,1.3962561576354688,1.438860457181849,1.5725646123260437,1.5173588427438172
18,1.5706204379562043,1.350775915580385,1.707337703531402,1.1608056265984654
19,1.6768493879723256,,1.4942766295707475,
20,1.7901109057301297,1.4565696649029984,1.4967167972887099,1.2213052631578947
21,1.8973047053449068,1.3528963414634145,1.6818104184457727,1.5491009681881054
22,1.7617546264564774,1.4857449417535256,1.3662400975015234,1.4834597875569042
23,1.1751470588235293,1.230138390568939,1.161364488316881,1.0
24,1.4434054431263086,1.3545697131420946,1.2389937106918238,1.6120033812341503
25,1.505859375,1.4929323308270679,1.8227322404371589,1.2220183486238534
26,1.446513720197931,1.1825956489122282,1.7277868406742796,1.1600105097214923
27,1.8137915742793795,1.0,2.201963190184049,1.0
28,1.5093782205427686,1.2999853565675794,1.3358937337568582,1.0
29,1.1240642966091754,1.1348739002932553,1.1627179950910735,1.1119542036143226
30,1.6923741007194248,1.4993081978554135,1.9428044280442802,1.1039933902506196
31,1.7560668137409392,1.337188070602556,2.3576904415332365,1.5977619532044762
32,2.6177062374245472,1.4646464646464652,2.8272401433691754,2.813842482100239
33,1.6062027231467475,1.5320068027210885,1.5260067114093965,1.396080352768251
34,1.5286970111349871,1.1285516285516286,1.4734814814814816,1.0
35,1.6335211267605634,1.2001797214317809,1.2461558715113217,1.0754132231404958
36,1.3712356515867659,1.5360620564449576,1.202670318384115,1.2526349822179115
37,1.7232637972009506,1.2407635829662262,3.43859649122807,1.1055445544554456
