,cor_s,cor_a,err_s,err_a
0,1.390362857310584,1.2993833736537883,1.3525019579478539,1.3323632781317214
1,1.3886039034619377,1.5231655700512574,1.3844668036609653,1.5797546008107546
2,1.5904079606279657,1.5304132367959074,1.6001053347372263,
3,1.4351053114254542,1.3479339683982967,,
4,1.3991452085976566,1.4629403584820715,1.3217726804737104,1.3743535949590695
5,1.3684568001977127,1.4196884212512009,1.3442532626965475,1.4224850767312731
6,1.45826950555088,1.370044594904601,1.5653732628516346,1.1212494070654235
7,1.5694042355657336,1.6571475891540643,1.5276183735191486,1.669789708641023
8,1.6029140626346556,1.6599807431691362,1.5304377892091134,
9,1.6789219105718913,1.7283501585633443,1.8117495246915503,
10,1.4660519840140402,1.714903235426408,1.446286508151177,1.6976482930960237
11,1.4647090662156677,1.6019379656382637,1.4424749250412952,1.8148105452480918
12,1.2861159915670886,1.3988081111615458,1.2095831462611024,1.2867145447245898
13,1.410212533454801,1.4086860551079627,1.374092680183453,1.3157444466327624
14,1.534908696520109,1.5753658408646025,1.488353891697315,1.4961799932002358
15,1.3123533368723965,1.465820461211573,1.3193124937333005,
