,cor_s,cor_a,err_s,err_a
0,0.07886089813800658,0.18806875631951467,0.18627450980392157,0.23577235772357724
1,0.11262376237623763,0.09033613445378151,0.11326860841423948,0.13690476190476192
2,0.1264559068219634,0.12859304084720122,0.16926503340757237,0.14698795180722893
3,0.14887063655030802,0.11405577689243028,0.19444444444444445,0.25862068965517243
4,0.07278481012658228,0.0945945945945946,0.09595959595959595,0.09941520467836257
5,0.09894736842105263,0.09591836734693877,0.23529411764705882,0.18571428571428572
6,0.11047180667433831,0.11914893617021277,0.14342629482071714,0.18435754189944134
7,0.13979706877113868,0.15376782077393075,0.14224137931034483,0.1826086956521739
8,0.06798245614035088,0.09202453987730061,0.18446601941747573,0.1323529411764706
9,0.10206561360874848,0.12189859762675297,0.1360544217687075,0.1736842105263158
10,0.12586206896551724,0.1045016077170418,0.09014675052410902,0.15766738660907129
11,0.10923276983094929,0.10756123535676251,0.11396011396011396,0.1592356687898089
12,0.15053763440860216,0.14976415094339623,0.13507109004739337,0.09125475285171103
13,0.13157894736842105,0.15942028985507245,0.13147410358565736,0.16243654822335024
14,0.12873563218390804,0.13804713804713806,0.13360323886639677,0.18666666666666668
15,0.1404399323181049,0.09115646258503401,0.14814814814814814,0.16076294277929154
16,0.078125,0.044444444444444446,0.0707070707070707,0.06936416184971098
17,0.09215017064846416,0.0715909090909091,0.11168831168831168,0.15865384615384615
18,0.0853300876338851,0.05988038277511962,0.11827956989247312,0.13333333333333333
19,0.049475262368815595,0.03708609271523179,0.08144796380090498,0.09090909090909091
20,0.09044368600682594,0.09106830122591944,0.12076271186440678,0.08677685950413223
21,0.07163742690058479,0.0831353919239905,0.1182033096926714,0.0962962962962963
22,0.16920152091254753,0.16912972085385877,0.16730038022813687,0.1411042944785276
23,0.15666666666666668,0.11578947368421053,0.1016260162601626,0.10112359550561797
24,0.15748031496062992,0.17715617715617715,0.23853211009174313,0.07964601769911504
25,0.1111111111111111,0.11586901763224182,0.08465608465608465,0.12258064516129032
26,0.15024630541871922,0.12295081967213115,0.09740259740259741,0.18055555555555555
27,0.16943521594684385,0.12286689419795221,0.08139534883720931,0.13108614232209737
28,0.08490566037735849,0.13020833333333334,0.16129032258064516,0.15204678362573099
29,0.1476510067114094,0.12374581939799331,0.10931174089068826,0.20085470085470086
30,0.19795221843003413,0.1366906474820144,0.1645021645021645,0.15315315315315314
31,0.13538461538461538,0.1592356687898089,0.13425925925925927,0.13793103448275862
32,0.14429530201342283,0.1806020066889632,0.11740890688259109,0.1623931623931624
33,0.17894736842105263,0.10824742268041238,0.14942528735632185,0.16312056737588654
