,cor_s,cor_a,err_s,err_a
0,0.20598314941410076,0.1913265515867485,0.041666666666666664,0.07692307692307693
1,0.16488117146801742,0.23729600171871754,0.11172161172161173,0.0
2,0.16283192970121232,0.17515223179764072,0.07291666666666667,0.0
3,0.18627075710685892,0.18721055959077815,0.0,0.0
4,0.17293702074894082,0.2051851360904913,0.1705287524366472,0.05555555555555555
5,0.14770912784609716,0.1901139890270325,0.25735528661225254,0.21095238095238097
6,0.19241420866807865,0.2205625579075635,0.2388009916610322,0.08333333333333333
7,0.16342707715145657,0.2594590614528036,0.07848324514991181,0.06060606060606061
8,0.14691454999265893,0.2239660527016849,0.23122032288698957,0.041666666666666664
9,0.10999060555491737,0.16065124472274953,0.2243321626223925,0.0853174603174603
10,0.1265526913666547,0.20578755048858777,0.25244304887378083,0.22261904761904763
11,0.16894498191562443,0.24044070804404108,0.2611322212340888,0.1989010989010989
12,0.15187382276654274,0.24903320643336588,0.1822488403963736,0.07017543859649122
13,0.12119142183897579,0.2037083427269942,0.1789935064935065,0.03968253968253968
14,0.14229524192107787,0.23117223932948214,0.19990568726407257,0.023809523809523808
15,0.12585390975567243,0.16637496486994746,0.12196969696969696,0.041666666666666664
