,cor_s,cor_a,err_s,err_a
0,0.1619718309859155,0.1907514450867052,0.234375,0.3235294117647059
1,0.13846153846153847,0.2967032967032967,0.3333333333333333,0.45454545454545453
2,0.15060240963855423,0.13812154696132597,0.4146341463414634,0.2962962962962963
3,0.19576719576719576,0.08670520231213873,0.2222222222222222,0.0
4,0.12154696132596685,0.3063583815028902,0.19230769230769232,0.24242424242424243
5,0.14285714285714285,0.2215909090909091,0.38461538461538464,0.39285714285714285
6,0.09420289855072464,0.20496894409937888,0.13043478260869565,0.19148936170212766
7,0.1043956043956044,0.24615384615384617,0.12,0.38461538461538464
8,0.15217391304347827,0.3229166666666667,0.0,0.0
9,0.19736842105263158,0.22916666666666666,0.39285714285714285,0.19047619047619047
10,0.14556962025316456,0.17142857142857143,0.3469387755102041,0.14925373134328357
11,0.09032258064516129,0.19653179190751446,0.20754716981132076,0.14705882352941177
12,0.2717391304347826,0.24539877300613497,0.125,0.3448275862068966
13,0.2323943661971831,0.19230769230769232,0.30303030303030304,0.2708333333333333
14,0.15333333333333332,0.19333333333333333,0.32142857142857145,0.18518518518518517
15,0.1452513966480447,0.1813186813186813,0.13793103448275862,0.34782608695652173
16,0.26595744680851063,0.2111111111111111,0.2,0.43478260869565216
17,0.1901840490797546,0.15894039735099338,0.26666666666666666,0.25925925925925924
18,0.20606060606060606,0.2621951219512195,0.20930232558139536,0.21428571428571427
19,0.20945945945945946,0.10606060606060606,0.21818181818181817,0.13043478260869565
20,0.11170212765957446,0.30319148936170215,0.25,0.3157894736842105
21,0.13089005235602094,0.2127659574468085,0.17647058823529413,0.3157894736842105
22,0.1746987951807229,0.24242424242424243,0.19047619047619047,0.30952380952380953
23,0.25146198830409355,0.14482758620689656,0.35135135135135137,0.25
24,0.18674698795180722,0.23076923076923078,0.23809523809523808,0.28
25,0.14814814814814814,0.19047619047619047,0.2631578947368421,0.21052631578947367
26,0.145985401459854,0.24571428571428572,0.18571428571428572,0.12121212121212122
27,0.125,0.24731182795698925,0.28125,0.2727272727272727
28,0.15294117647058825,0.22631578947368422,0.15789473684210525,0.2777777777777778
29,0.18518518518518517,0.2064516129032258,0.15217391304347827,0.2558139534883721
30,0.14285714285714285,0.17777777777777778,0.275,0.32142857142857145
31,0.2275132275132275,0.2358974358974359,0.21052631578947367,0.4
32,0.23497267759562843,0.17277486910994763,0.32,0.3125
33,0.18604651162790697,0.21649484536082475,0.21794871794871795,0.4166666666666667
34,0.10897435897435898,0.22459893048128343,0.1346153846153846,0.3333333333333333
35,0.1411042944785276,0.2235294117647059,0.1590909090909091,0.3611111111111111
36,0.18787878787878787,0.19473684210526315,0.1951219512195122,0.375
37,0.1,0.20526315789473684,0.21052631578947367,0.16666666666666666
38,0.09392265193370165,0.2,0.25925925925925924,0.23076923076923078
39,0.13071895424836602,0.128,0.12727272727272726,0.1875
40,0.0979381443298969,0.2127659574468085,0.35714285714285715,0.2222222222222222
41,0.1907514450867052,0.34594594594594597,0.23529411764705882,0.3157894736842105
42,0.11834319526627218,0.2916666666666667,0.15384615384615385,0.275
43,0.28187919463087246,0.20253164556962025,0.23728813559322035,0.16279069767441862
44,0.13612565445026178,0.28804347826086957,0.5625,0.3333333333333333
45,0.1286549707602339,0.3064516129032258,0.16666666666666666,0.22727272727272727
46,0.11351351351351352,0.2011173184357542,0.36363636363636365,0.25
