,cor_s,err_s,cor_a,err_a,Participant
0,0.14676889375684557,0.16666666666666666,0.15874620829120323,0.16260162601626016,0
0,0.1373762376237624,0.18446601941747573,0.14285714285714285,0.14285714285714285,1
0,0.1713810316139767,0.155902004454343,0.14977307110438728,0.1710843373493976,2
0,0.12628336755646818,0.14583333333333334,0.12795219123505977,0.1724137931034483,3
0,0.14873417721518986,0.20202020202020202,0.1783783783783784,0.23976608187134502,4
0,0.21263157894736842,0.1411764705882353,0.1326530612244898,0.21428571428571427,5
0,0.17491369390103567,0.13545816733067728,0.1478723404255319,0.1452513966480447,6
0,0.14317925591882752,0.15086206896551724,0.13034623217922606,0.20869565217391303,7
0,0.13815789473684212,0.18446601941747573,0.18404907975460122,0.16176470588235295,8
0,0.15552855407047386,0.1564625850340136,0.12081984897518878,0.13157894736842105,9
0,0.13793103448275862,0.14465408805031446,0.14469453376205788,0.17062634989200864,10
0,0.13133940182054615,0.15669515669515668,0.15122470713525027,0.1592356687898089,11
0,0.1382488479262673,0.16113744075829384,0.15683962264150944,0.18250950570342206,12
0,0.15413533834586465,0.18326693227091634,0.1246376811594203,0.23857868020304568,13
0,0.14482758620689656,0.14979757085020243,0.1335578002244669,0.17333333333333334,14
0,0.13874788494077833,0.15594541910331383,0.13741496598639455,0.13896457765667575,15
0,0.1590909090909091,0.15404040404040403,0.1607843137254902,0.1936416184971098,16
0,0.15870307167235495,0.16623376623376623,0.14659090909090908,0.1778846153846154,17
0,0.13295131450827655,0.16129032258064516,0.12392822966507178,0.18666666666666668,18
0,0.1454272863568216,0.15610859728506787,0.1576158940397351,0.1928374655647383,19
0,0.1348122866894198,0.13983050847457626,0.14535901926444833,0.1446280991735537,20
0,0.16374269005847952,0.1702127659574468,0.14133016627078385,0.1962962962962963,21
0,0.15399239543726237,0.12927756653992395,0.14942528735632185,0.15950920245398773,22
0,0.17666666666666667,0.21544715447154472,0.17894736842105263,0.1348314606741573,23
0,0.14960629921259844,0.1559633027522936,0.1282051282051282,0.1415929203539823,24
0,0.15176151761517614,0.14285714285714285,0.12846347607052896,0.2,25
0,0.18719211822660098,0.15584415584415584,0.19057377049180327,0.09722222222222222,26
0,0.19601328903654486,0.23255813953488372,0.13651877133105803,0.16104868913857678,27
0,0.1792452830188679,0.17050691244239632,0.12760416666666666,0.2046783625730994,28
0,0.13758389261744966,0.1700404858299595,0.18729096989966554,0.18376068376068377,29
0,0.17747440273037543,0.15584415584415584,0.18705035971223022,0.15765765765765766,30
0,0.14461538461538462,0.1388888888888889,0.15605095541401273,0.16379310344827586,31
0,0.15771812080536912,0.15789473684210525,0.17725752508361203,0.14102564102564102,32
0,0.16842105263157894,0.15708812260536398,0.12628865979381443,0.16312056737588654,33
