,cor_s,err_s,cor_a,err_a,Participant
0,0.17218543046357615,0.14583333333333334,0.14689265536723164,0.2608695652173913,0
0,0.22807017543859648,0.18823529411764706,0.15492957746478872,0.20689655172413793,1
0,0.1524390243902439,0.2222222222222222,0.21787709497206703,0.23809523809523808,2
0,0.2,0.14634146341463414,0.15204678362573099,0.13793103448275862,3
0,0.14893617021276595,0.23214285714285715,0.21637426900584794,0.20689655172413793,4
0,0.10778443113772455,0.30303030303030304,0.15819209039548024,0.30434782608695654,5
0,0.1095890410958904,0.24074074074074073,0.1977401129943503,0.30434782608695654,6
0,0.12883435582822086,0.1891891891891892,0.15469613259668508,0.3157894736842105,7
0,0.152317880794702,0.1836734693877551,0.18435754189944134,0.23809523809523808,8
0,0.23387096774193547,0.14666666666666667,0.19411764705882353,0.2,9
0,0.17901234567901234,0.21621621621621623,0.11602209944751381,0.2631578947368421,10
0,0.20253164556962025,0.21428571428571427,0.17964071856287425,0.21212121212121213,11
0,0.14383561643835616,0.18867924528301888,0.16666666666666666,0.23076923076923078,12
0,0.1456953642384106,0.2916666666666667,0.13450292397660818,0.1724137931034483,13
0,0.2028985507246377,0.18032786885245902,0.18633540372670807,0.2564102564102564,14
0,0.1069182389937107,0.14634146341463414,0.15025906735751296,0.0,15
0,0.17123287671232876,0.24074074074074073,0.18620689655172415,0.14545454545454545,16
0,0.16091954022988506,0.23076923076923078,0.17391304347826086,0.25,17
0,0.143646408839779,0.2631578947368421,0.1797752808988764,0.3181818181818182,18
0,0.1415929203539823,0.2857142857142857,0.24285714285714285,0.21666666666666667,19
