,cor_s,err_s,cor_a,err_a,Participant
0,0.1754000360253554,0.049999999999999996,0.19976443391351972,0.05128205128205129,0.0
0,0.1893374738235316,0.07417582417582418,0.1892510582579406,0.0,1.0
0,0.23312750125460768,0.052083333333333336,0.17263565414969226,0.0,2.0
0,0.18696700282406456,0.0,0.22405731565685336,0.0,3.0
0,0.1449260902823546,0.23936647173489278,0.18934837190443518,0.041666666666666664,4.0
0,0.21424675193898338,0.17961347218313162,0.165902625413495,0.2204761904761905,5.0
0,0.22204834830608824,0.32095447374352043,0.15609897127511943,0.07738095238095238,6.0
0,0.17408222120859876,0.07892416225749559,0.2106258531536862,0.0909090909090909,7.0
0,0.17595864532863506,0.3592651946818613,0.16338867603235419,0.020833333333333332,8.0
0,0.15309648974201792,0.2069429931498897,0.18054866922783078,0.07341269841269842,9.0
0,0.17903246150713922,0.21727770895949963,0.1705899259709743,0.18206349206349204,10.0
0,0.16021469269610447,0.286962477879286,0.1393328751414811,0.18608058608058609,11.0
0,0.15122175420273146,0.28333860425890783,0.14064597580507368,0.043859649122807015,12.0
0,0.19651216838182917,0.3141089466089466,0.16551114521732596,0.031746031746031744,13.0
0,0.17486320668165647,0.25609104148748446,0.1691156846650872,0.05555555555555555,14.0
0,0.1735602687091691,0.16893939393939394,0.15547632080748927,0.05555555555555555,15.0
