,cor_s,cor_a,err_s,err_a
0,0.051056338028169015,0.0825,0.08256880733944955,0.13636363636363635
1,0.1391304347826087,0.16883116883116883,0.25925925925925924,0.375
2,0.21153846153846154,0.2,0.13402061855670103,0.16666666666666666
3,0.08641975308641975,0.17857142857142858,0.0,0.0
4,0.08333333333333333,0.125,0.3333333333333333,0.0
5,0.07194244604316546,0.0873015873015873,0.1,0.25
6,0.04008016032064128,0.2087912087912088,0.09243697478991597,0.0
7,0.07142857142857142,0.12135922330097088,0.27450980392156865,0.3076923076923077
8,0.11409395973154363,0.1956521739130435,0.125,0.22727272727272727
9,0.14074074074074075,0.09345794392523364,0.14285714285714285,0.36065573770491804
10,0.15517241379310345,0.16666666666666666,0.0,0.0
11,0.10158730158730159,0.12994350282485875,0.16666666666666666,0.0
12,0.15023474178403756,0.1282051282051282,0.0,0.0
13,0.1226158038147139,0.23484848484848486,0.16049382716049382,0.0
14,0.08097165991902834,0.08333333333333333,0.0967741935483871,0.12568306010928962
15,0.1927710843373494,0.16279069767441862,0.2727272727272727,0.0
16,0.08823529411764706,0.09219858156028368,0.17796610169491525,0.4
17,0.1111111111111111,0.10382513661202186,0.32142857142857145,0.0
18,0.1746031746031746,0.14285714285714285,0.21052631578947367,0.0
19,0.05859375,0.152,0.14583333333333334,0.0
20,0.08361204013377926,0.15306122448979592,0.07428571428571429,0.0
21,0.06382978723404255,0.10704225352112676,0.11977715877437325,0.11764705882352941
22,0.1415929203539823,0.18181818181818182,0.0,0.0
23,0.11818181818181818,0.15436241610738255,0.08602150537634409,0.5
24,0.08793969849246232,0.1487603305785124,0.16363636363636364,0.0
25,0.03616636528028933,0.10526315789473684,0.11057692307692307,0.0
26,0.09803921568627451,0.13043478260869565,0.0,0.0
27,0.15034965034965034,0.0855614973262032,0.2571428571428571,0.0
28,0.12267657992565056,0.14432989690721648,0.21428571428571427,0.2857142857142857
29,0.0794979079497908,0.19158878504672897,0.2857142857142857,0.3076923076923077
30,0.13513513513513514,0.13043478260869565,0.3055555555555556,0.0
31,0.08651911468812877,0.06938775510204082,0.13333333333333333,0.0
