,cor_s,cor_a,err_s,err_a
0,0.09271523178807947,0.21468926553672316,0.22916666666666666,0.34782608695652173
1,0.16666666666666666,0.2323943661971831,0.18823529411764706,0.29310344827586204
2,0.23170731707317074,0.20670391061452514,0.2222222222222222,0.19047619047619047
3,0.23157894736842105,0.22807017543859648,0.24390243902439024,0.5172413793103449
4,0.1347517730496454,0.13450292397660818,0.16071428571428573,0.1724137931034483
5,0.11377245508982035,0.12429378531073447,0.15151515151515152,0.17391304347826086
6,0.1232876712328767,0.1751412429378531,0.18518518518518517,0.2608695652173913
7,0.1165644171779141,0.09944751381215469,0.24324324324324326,0.21052631578947367
8,0.12582781456953643,0.18994413407821228,0.20408163265306123,0.38095238095238093
9,0.08870967741935484,0.14705882352941177,0.10666666666666667,0.2
10,0.13580246913580246,0.16574585635359115,0.24324324324324326,0.3684210526315789
11,0.1962025316455696,0.16167664670658682,0.14285714285714285,0.24242424242424243
12,0.1095890410958904,0.20114942528735633,0.1509433962264151,0.15384615384615385
13,0.19205298013245034,0.2631578947368421,0.16666666666666666,0.10344827586206896
14,0.18840579710144928,0.08695652173913043,0.2459016393442623,0.3076923076923077
15,0.10062893081761007,0.15025906735751296,0.21951219512195122,0.0
16,0.2876712328767123,0.2413793103448276,0.14814814814814814,0.21818181818181817
17,0.14367816091954022,0.16847826086956522,0.19230769230769232,0.375
18,0.16574585635359115,0.19662921348314608,0.21052631578947367,0.2727272727272727
19,0.17699115044247787,0.21428571428571427,0.2619047619047619,0.16666666666666666
