,cor_s,err_s,cor_a,err_a,Participant
0,0.25,0.19230769230769232,0.0,0.0,0
0,0.17647058823529413,0.0,0.3,0.0,1
0,0.22580645161290322,0.23529411764705882,0.10256410256410256,0.16666666666666666,2
0,0.15217391304347827,0.18181818181818182,0.3333333333333333,0.13793103448275862,3
0,0.16,0.0,0.25,0.0,4
0,0.12,0.1875,0.0,0.0,5
0,0.5106382978723404,0.22857142857142856,0.20833333333333334,0.2,6
0,0.16666666666666666,0.3235294117647059,0.17307692307692307,0.21739130434782608,7
0,0.1794871794871795,0.23809523809523808,0.3157894736842105,0.16666666666666666,8
0,0.18421052631578946,0.13513513513513514,0.2777777777777778,0.2692307692307692,9
0,0.23076923076923078,0.17647058823529413,0.0,0.0,10
0,0.15789473684210525,0.22727272727272727,0.0,0.0,11
0,0.2830188679245283,0.3448275862068966,0.2,0.2222222222222222,12
0,0.20754716981132076,0.2413793103448276,0.3333333333333333,0.0,13
0,0.15217391304347827,0.16666666666666666,0.22727272727272727,0.0,14
0,0.3333333333333333,0.35,0.0,0.0,15
0,0.12727272727272726,0.2222222222222222,0.20408163265306123,0.34782608695652173,16
0,0.2653061224489796,0.2903225806451613,0.175,0.18181818181818182,17
0,0.1836734693877551,0.23076923076923078,0.16216216216216217,0.38095238095238093,18
0,0.21153846153846154,0.16666666666666666,0.0,0.0,19
0,0.18518518518518517,0.2692307692307692,0.20833333333333334,0.11764705882352941,20
0,0.25,0.2857142857142857,0.24390243902439024,0.3902439024390244,21
0,0.2916666666666667,0.2647058823529412,0.15384615384615385,0.16666666666666666,22
0,0.23529411764705882,0.0,0.2727272727272727,0.0,23
0,0.36,0.15625,0.2826086956521739,0.19444444444444445,24
0,0.21568627450980393,0.23333333333333334,0.22727272727272727,0.22727272727272727,25
0,0.1509433962264151,0.1724137931034483,0.23529411764705882,0.0,26
0,0.32,0.3103448275862069,0.0,0.0,27
0,0.14705882352941177,0.29411764705882354,0.0,0.0,28
0,0.0,0.0,0.15,0.3,29
0,0.2222222222222222,0.3783783783783784,0.17391304347826086,0.23076923076923078,30
0,0.2391304347826087,0.21428571428571427,0.15789473684210525,0.0,31
0,0.2777777777777778,0.13953488372093023,0.1694915254237288,0.36363636363636365,32
0,0.18604651162790697,0.23076923076923078,0.11904761904761904,0.17857142857142858,33
0,0.21153846153846154,0.375,0.0,0.0,34
0,0.15789473684210525,0.0,0.35714285714285715,0.0,35
0,0.1875,0.19230769230769232,0.13043478260869565,0.17647058823529413,36
0,0.19642857142857142,0.23809523809523808,0.21052631578947367,0.0,37
