,cor_s,err_s,cor_a,err_a,Participant
0,0.16901408450704225,0.125,0.15028901734104047,0.35294117647058826,0
0,0.15897435897435896,0.16666666666666666,0.17582417582417584,0.36363636363636365,1
0,0.13855421686746988,0.24390243902439024,0.18232044198895028,0.2222222222222222,2
0,0.13227513227513227,0.2222222222222222,0.07514450867052024,0.0,3
0,0.19337016574585636,0.2692307692307692,0.12138728323699421,0.21212121212121213,4
0,0.10714285714285714,0.15384615384615385,0.17613636363636365,0.25,5
0,0.14492753623188406,0.2318840579710145,0.16149068322981366,0.3829787234042553,6
0,0.1978021978021978,0.28,0.13333333333333333,0.3076923076923077,7
0,0.11956521739130435,0.0,0.13541666666666666,0.0,8
0,0.13815789473684212,0.14285714285714285,0.1597222222222222,0.2222222222222222,9
0,0.17721518987341772,0.10204081632653061,0.14285714285714285,0.22388059701492538,10
0,0.17419354838709677,0.1320754716981132,0.15028901734104047,0.20588235294117646,11
0,0.10326086956521739,0.20833333333333334,0.15337423312883436,0.20689655172413793,12
0,0.09154929577464789,0.16666666666666666,0.21794871794871795,0.16666666666666666,13
0,0.17333333333333334,0.10714285714285714,0.14666666666666667,0.12962962962962962,14
0,0.16759776536312848,0.2413793103448276,0.14285714285714285,0.17391304347826086,15
0,0.14361702127659576,0.3,0.15,0.2608695652173913,16
0,0.18404907975460122,0.28888888888888886,0.1986754966887417,0.18518518518518517,17
0,0.21212121212121213,0.23255813953488372,0.20121951219512196,0.16666666666666666,18
0,0.14864864864864866,0.12727272727272726,0.14393939393939395,0.2608695652173913,19
0,0.16489361702127658,0.15,0.18617021276595744,0.15789473684210525,20
0,0.16753926701570682,0.4117647058823529,0.19680851063829788,0.3157894736842105,21
0,0.18674698795180722,0.3333333333333333,0.17575757575757575,0.21428571428571427,22
0,0.19298245614035087,0.35135135135135137,0.14482758620689656,0.16666666666666666,23
0,0.13253012048192772,0.21428571428571427,0.1043956043956044,0.12,24
0,0.1746031746031746,0.2631578947368421,0.14285714285714285,0.47368421052631576,25
0,0.16058394160583941,0.22857142857142856,0.24,0.21212121212121213,26
0,0.19318181818181818,0.25,0.1935483870967742,0.22727272727272727,27
0,0.15294117647058825,0.34210526315789475,0.15789473684210525,0.16666666666666666,28
0,0.20987654320987653,0.15217391304347827,0.25161290322580643,0.32558139534883723,29
0,0.20833333333333334,0.175,0.2111111111111111,0.25,30
0,0.13227513227513227,0.10526315789473684,0.18461538461538463,0.4,31
0,0.16939890710382513,0.32,0.16230366492146597,0.4375,32
0,0.1937984496124031,0.1794871794871795,0.14948453608247422,0.16666666666666666,33
0,0.16666666666666666,0.23076923076923078,0.12834224598930483,0.3333333333333333,34
0,0.1411042944785276,0.25,0.17058823529411765,0.16666666666666666,35
0,0.20606060606060606,0.21951219512195122,0.14736842105263157,0.25,36
0,0.15294117647058825,0.23684210526315788,0.15789473684210525,0.16666666666666666,37
0,0.16022099447513813,0.18518518518518517,0.1641025641025641,0.5384615384615384,38
0,0.12418300653594772,0.10909090909090909,0.128,0.1875,39
0,0.17525773195876287,0.21428571428571427,0.15425531914893617,0.2777777777777778,40
0,0.21965317919075145,0.3235294117647059,0.17297297297297298,0.2631578947368421,41
0,0.1834319526627219,0.15384615384615385,0.17857142857142858,0.25,42
0,0.2483221476510067,0.1016949152542373,0.17088607594936708,0.11627906976744186,43
0,0.18324607329842932,0.25,0.14130434782608695,0.2857142857142857,44
0,0.1695906432748538,0.2222222222222222,0.21505376344086022,0.2727272727272727,45
0,0.17297297297297298,0.18181818181818182,0.17318435754189945,0.3125,46
