,cor_s,err_s,cor_a,err_a,Participant
0,0.14612676056338028,0.13073394495412843,0.175,0.2196969696969697,0
0,0.12608695652173912,0.1111111111111111,0.18181818181818182,0.5,1
0,0.2692307692307692,0.17525773195876287,0.34285714285714286,0.21929824561403508,2
0,0.18518518518518517,0.0,0.25,0.0,3
0,0.16025641025641027,0.16666666666666666,0.25,0.0,4
0,0.15827338129496402,0.2,0.20634920634920634,0.25,5
0,0.17034068136272545,0.13445378151260504,0.10989010989010989,0.0,6
0,0.12142857142857143,0.21568627450980393,0.1262135922330097,0.23076923076923078,7
0,0.16778523489932887,0.16666666666666666,0.1956521739130435,0.22727272727272727,8
0,0.18518518518518517,0.17857142857142858,0.22429906542056074,0.21311475409836064,9
0,0.1896551724137931,0.0,0.125,0.0,10
0,0.12380952380952381,0.19444444444444445,0.1807909604519774,0.0,11
0,0.1267605633802817,0.0,0.21367521367521367,0.0,12
0,0.15803814713896458,0.2716049382716049,0.15151515151515152,0.0,13
0,0.1659919028340081,0.17419354838709677,0.18981481481481483,0.15846994535519127,14
0,0.12650602409638553,0.36363636363636365,0.20930232558139536,0.0,15
0,0.1722689075630252,0.13983050847457626,0.14184397163120568,0.4,16
0,0.13008130081300814,0.32142857142857145,0.14754098360655737,0.0,17
0,0.1693121693121693,0.34210526315789475,0.10526315789473684,0.0,18
0,0.171875,0.20833333333333334,0.14,0.0,19
0,0.18394648829431437,0.13142857142857142,0.1326530612244898,0.0,20
0,0.12943262411347517,0.14206128133704735,0.18309859154929578,0.2235294117647059,21
0,0.18584070796460178,0.0,0.18181818181818182,0.0,22
0,0.16363636363636364,0.24731182795698925,0.12751677852348994,0.3,23
0,0.16331658291457288,0.16363636363636364,0.1322314049586777,0.0,24
0,0.15370705244122965,0.15865384615384615,0.14619883040935672,0.0,25
0,0.13725490196078433,0.0,0.15217391304347827,0.0,26
0,0.20279720279720279,0.3142857142857143,0.1443850267379679,0.0,27
0,0.16356877323420074,0.14285714285714285,0.12371134020618557,0.35714285714285715,28
0,0.14644351464435146,0.35714285714285715,0.14953271028037382,0.23076923076923078,29
0,0.14054054054054055,0.19444444444444445,0.14782608695652175,0.0,30
0,0.13682092555331993,0.25555555555555554,0.11836734693877551,0.0,31
