,cor_s,cor_a,err_s,err_a
0,0.15384615384615385,0.0,0.23076923076923078,0.0
1,0.23529411764705882,0.2,0.0,0.0
2,0.25806451612903225,0.2564102564102564,0.23529411764705882,0.19444444444444445
3,0.13043478260869565,0.1388888888888889,0.12121212121212122,0.20689655172413793
4,0.16,0.25,0.0,0.0
5,0.28,0.0,0.28125,0.0
6,0.1702127659574468,0.125,0.17142857142857143,0.15
7,0.1875,0.19230769230769232,0.14705882352941177,0.13043478260869565
8,0.1282051282051282,0.2894736842105263,0.14285714285714285,0.19444444444444445
9,0.13157894736842105,0.1111111111111111,0.1891891891891892,0.19230769230769232
10,0.18461538461538463,0.0,0.29411764705882354,0.0
11,0.34210526315789475,0.0,0.2727272727272727,0.0
12,0.20754716981132076,0.16,0.20689655172413793,0.2777777777777778
13,0.1320754716981132,0.5,0.1724137931034483,0.0
14,0.1956521739130435,0.18181818181818182,0.2222222222222222,0.0
15,0.16666666666666666,0.0,0.15,0.0
16,0.14545454545454545,0.22448979591836735,0.2962962962962963,0.17391304347826086
17,0.12244897959183673,0.2,0.1935483870967742,0.13636363636363635
18,0.12244897959183673,0.16216216216216217,0.23076923076923078,0.19047619047619047
19,0.19230769230769232,0.0,0.16666666666666666,0.0
20,0.12962962962962962,0.14583333333333334,0.19230769230769232,0.17647058823529413
21,0.225,0.1951219512195122,0.14285714285714285,0.14634146341463414
22,0.25,0.15384615384615385,0.23529411764705882,0.4166666666666667
23,0.23529411764705882,0.45454545454545453,0.0,0.0
24,0.18,0.15217391304347827,0.3125,0.16666666666666666
25,0.1568627450980392,0.2727272727272727,0.2,0.4090909090909091
26,0.11320754716981132,0.29411764705882354,0.2413793103448276,0.0
27,0.18,0.0,0.20689655172413793,0.0
28,0.17647058823529413,0.0,0.23529411764705882,0.0
29,0.0,0.15,0.0,0.3
30,0.13333333333333333,0.1956521739130435,0.24324324324324326,0.23076923076923078
31,0.15217391304347827,0.21052631578947367,0.17857142857142858,0.0
32,0.19444444444444445,0.1864406779661017,0.3488372093023256,0.18181818181818182
33,0.11627906976744186,0.16666666666666666,0.20512820512820512,0.10714285714285714
34,0.19230769230769232,0.0,0.25,0.0
35,0.18421052631578946,0.21428571428571427,0.0,0.0
36,0.14583333333333334,0.17391304347826086,0.19230769230769232,0.17647058823529413
37,0.16071428571428573,0.21052631578947367,0.3333333333333333,0.0
