,cor_s,err_s,cor_a,err_a,Participant
0,0.09309967141292443,0.11764705882352941,0.10819009100101112,0.13008130081300814,0
0,0.1150990099009901,0.1488673139158576,0.10294117647058823,0.10714285714285714,1
0,0.13643926788685523,0.111358574610245,0.10741301059001512,0.0819277108433735,2
0,0.10780287474332649,0.1736111111111111,0.12009561752988047,0.08620689655172414,3
0,0.11075949367088607,0.12626262626262627,0.1972972972972973,0.14619883040935672,4
0,0.10526315789473684,0.2,0.0836734693877551,0.24285714285714285,5
0,0.09321058688147296,0.11553784860557768,0.10531914893617021,0.16201117318435754,6
0,0.10259301014656144,0.1724137931034483,0.15580448065173116,0.13043478260869565,7
0,0.13157894736842105,0.1650485436893204,0.147239263803681,0.14705882352941177,8
0,0.12515188335358446,0.10884353741496598,0.11326860841423948,0.12631578947368421,9
0,0.10689655172413794,0.10272536687631027,0.10128617363344052,0.10583153347732181,10
0,0.11703511053315994,0.13105413105413105,0.13312034078807242,0.12101910828025478,11
0,0.1336405529953917,0.0924170616113744,0.12382075471698113,0.1596958174904943,12
0,0.12781954887218044,0.17131474103585656,0.1565217391304348,0.20304568527918782,13
0,0.1103448275862069,0.09716599190283401,0.08529741863075196,0.08444444444444445,14
0,0.13874788494077833,0.10331384015594541,0.11156462585034013,0.16893732970027248,15
0,0.10227272727272728,0.13131313131313133,0.10718954248366012,0.08959537572254335,16
0,0.07679180887372014,0.11168831168831168,0.1159090909090909,0.12980769230769232,17
0,0.1355657254138267,0.21505376344086022,0.1110956937799043,0.13333333333333333,18
0,0.08995502248875563,0.0746606334841629,0.12185430463576159,0.1322314049586777,19
0,0.08532423208191127,0.11016949152542373,0.1243432574430823,0.16942148760330578,20
0,0.15058479532163743,0.14184397163120568,0.10095011876484561,0.17037037037037037,21
0,0.16730038022813687,0.11216730038022814,0.1444991789819376,0.18404907975460122,22
0,0.1,0.0975609756097561,0.15526315789473685,0.12359550561797752,23
0,0.12992125984251968,0.11926605504587157,0.13286713286713286,0.1592920353982301,24
0,0.10569105691056911,0.10052910052910052,0.0982367758186398,0.16129032258064516,25
0,0.08620689655172414,0.22077922077922077,0.16188524590163936,0.19444444444444445,26
0,0.15282392026578073,0.10852713178294573,0.14675767918088736,0.149812734082397,27
0,0.13522012578616352,0.12442396313364056,0.09114583333333333,0.10526315789473684,28
0,0.12416107382550336,0.11740890688259109,0.14381270903010032,0.15384615384615385,29
0,0.15358361774744028,0.0735930735930736,0.1906474820143885,0.18018018018018017,30
0,0.15692307692307692,0.10648148148148148,0.1624203821656051,0.16379310344827586,31
0,0.11409395973154363,0.11740890688259109,0.1806020066889632,0.14957264957264957,32
0,0.12631578947368421,0.12643678160919541,0.11597938144329897,0.10638297872340426,33
