,cor_s,err_s,cor_a,err_a,Participant
0,0.1267605633802817,0.15625,0.16184971098265896,0.38235294117647056,0
0,0.13846153846153847,0.16666666666666666,0.14285714285714285,0.2727272727272727,1
0,0.16265060240963855,0.24390243902439024,0.16574585635359115,0.25925925925925924,2
0,0.164021164021164,0.3888888888888889,0.15606936416184972,0.0,3
0,0.13259668508287292,0.19230769230769232,0.17341040462427745,0.21212121212121213,4
0,0.17857142857142858,0.20512820512820512,0.17045454545454544,0.21428571428571427,5
0,0.15942028985507245,0.17391304347826086,0.16149068322981366,0.19148936170212766,6
0,0.12087912087912088,0.2,0.18974358974358974,0.23076923076923078,7
0,0.18478260869565216,0.0,0.13541666666666666,0.0,8
0,0.13157894736842105,0.17857142857142858,0.16666666666666666,0.25396825396825395,9
0,0.14556962025316456,0.12244897959183673,0.16428571428571428,0.22388059701492538,10
0,0.09032258064516129,0.09433962264150944,0.1329479768786127,0.2647058823529412,11
0,0.24456521739130435,0.3333333333333333,0.147239263803681,0.20689655172413793,12
0,0.16901408450704225,0.22727272727272727,0.1346153846153846,0.22916666666666666,13
0,0.1,0.16071428571428573,0.25333333333333335,0.12962962962962962,14
0,0.1452513966480447,0.3793103448275862,0.15384615384615385,0.21739130434782608,15
0,0.2127659574468085,0.2,0.1111111111111111,0.30434782608695654,16
0,0.147239263803681,0.2,0.18543046357615894,0.12962962962962962,17
0,0.1696969696969697,0.20930232558139536,0.17073170731707318,0.21428571428571427,18
0,0.1554054054054054,0.23636363636363636,0.14393939393939395,0.2608695652173913,19
0,0.18085106382978725,0.1,0.20212765957446807,0.2631578947368421,20
0,0.16230366492146597,0.29411764705882354,0.19680851063829788,0.2631578947368421,21
0,0.12650602409638553,0.14285714285714285,0.15151515151515152,0.21428571428571427,22
0,0.16374269005847952,0.13513513513513514,0.13793103448275862,0.16666666666666666,23
0,0.18674698795180722,0.21428571428571427,0.18681318681318682,0.2,24
0,0.20634920634920634,0.2631578947368421,0.10582010582010581,0.2631578947368421,25
0,0.12408759124087591,0.2,0.15428571428571428,0.18181818181818182,26
0,0.1590909090909091,0.21875,0.15591397849462366,0.22727272727272727,27
0,0.18823529411764706,0.18421052631578946,0.15263157894736842,0.3333333333333333,28
0,0.22839506172839505,0.15217391304347827,0.12258064516129032,0.18604651162790697,29
0,0.07142857142857142,0.175,0.16666666666666666,0.2857142857142857,30
0,0.164021164021164,0.21052631578947367,0.15384615384615385,0.3,31
0,0.18032786885245902,0.32,0.13612565445026178,0.25,32
0,0.12403100775193798,0.23076923076923078,0.15979381443298968,0.3333333333333333,33
0,0.10897435897435898,0.1346153846153846,0.18181818181818182,0.38095238095238093,34
0,0.1656441717791411,0.20454545454545456,0.14705882352941177,0.1388888888888889,35
0,0.15151515151515152,0.1951219512195122,0.16842105263157894,0.5,36
0,0.14705882352941177,0.21052631578947367,0.13157894736842105,0.3888888888888889,37
0,0.19337016574585636,0.18518518518518517,0.1282051282051282,0.23076923076923078,38
0,0.17647058823529413,0.10909090909090909,0.16,0.25,39
0,0.09278350515463918,0.35714285714285715,0.1595744680851064,0.2777777777777778,40
0,0.15606936416184972,0.20588235294117646,0.1945945945945946,0.3684210526315789,41
0,0.10059171597633136,0.1794871794871795,0.14285714285714285,0.175,42
0,0.16778523489932887,0.2711864406779661,0.17721518987341772,0.2558139534883721,43
0,0.16230366492146597,0.1875,0.20108695652173914,0.14285714285714285,44
0,0.23391812865497075,0.25,0.16666666666666666,0.2727272727272727,45
0,0.11891891891891893,0.36363636363636365,0.15083798882681565,0.25,46
