,cor_s,err_s,cor_a,err_a,Participant
0,0.21153846153846154,0.11538461538461539,0.0,0.0,0
0,0.20588235294117646,0.0,0.4,0.0,1
0,0.16129032258064516,0.4117647058823529,0.1794871794871795,0.25,2
0,0.13043478260869565,0.18181818181818182,0.2222222222222222,0.2413793103448276,3
0,0.24,0.0,0.3333333333333333,0.0,4
0,0.22,0.21875,0.0,0.0,5
0,0.1276595744680851,0.17142857142857143,0.16666666666666666,0.2,6
0,0.3125,0.23529411764705882,0.21153846153846154,0.17391304347826086,7
0,0.1794871794871795,0.30952380952380953,0.13157894736842105,0.3333333333333333,8
0,0.2894736842105263,0.16216216216216217,0.2222222222222222,0.15384615384615385,9
0,0.2,0.23529411764705882,0.0,0.0,10
0,0.3684210526315789,0.1590909090909091,0.0,0.0,11
0,0.11320754716981132,0.1724137931034483,0.14,0.2222222222222222,12
0,0.1509433962264151,0.2413793103448276,0.3333333333333333,0.0,13
0,0.08695652173913043,0.1388888888888889,0.2727272727272727,0.0,14
0,0.19047619047619047,0.15,0.0,0.0,15
0,0.16363636363636364,0.18518518518518517,0.1836734693877551,0.21739130434782608,16
0,0.16326530612244897,0.3225806451612903,0.15,0.4090909090909091,17
0,0.2857142857142857,0.23076923076923078,0.32432432432432434,0.19047619047619047,18
0,0.1346153846153846,0.3333333333333333,0.0,0.0,19
0,0.14814814814814814,0.34615384615384615,0.10416666666666667,0.17647058823529413,20
0,0.175,0.21428571428571427,0.14634146341463414,0.1951219512195122,21
0,0.14583333333333334,0.20588235294117646,0.3076923076923077,0.25,22
0,0.23529411764705882,0.0,0.2727272727272727,0.0,23
0,0.24,0.21875,0.2391304347826087,0.25,24
0,0.23529411764705882,0.23333333333333334,0.22727272727272727,0.22727272727272727,25
0,0.20754716981132076,0.1724137931034483,0.17647058823529413,0.0,26
0,0.18,0.10344827586206896,0.0,0.0,27
0,0.11764705882352941,0.23529411764705882,0.0,0.0,28
0,0.0,0.0,0.25,0.4,29
0,0.2222222222222222,0.16216216216216217,0.1956521739130435,0.3076923076923077,30
0,0.3695652173913043,0.17857142857142858,0.15789473684210525,0.0,31
0,0.19444444444444445,0.20930232558139536,0.2033898305084746,0.2727272727272727,32
0,0.23255813953488372,0.23076923076923078,0.19047619047619047,0.21428571428571427,33
0,0.1346153846153846,0.25,0.0,0.0,34
0,0.18421052631578946,0.0,0.14285714285714285,0.0,35
0,0.20833333333333334,0.23076923076923078,0.13043478260869565,0.17647058823529413,36
0,0.17857142857142858,0.14285714285714285,0.47368421052631576,0.0,37
