,cor_s,err_s,cor_a,err_a,Participant
0,0.16972666079185353,0.03333333333333333,0.18802495357523485,0.07692307692307693,0.0
0,0.1779556483812924,0.0989010989010989,0.2072883267330954,0.0,1.0
0,0.21442582275514388,0.052083333333333336,0.17048381161723805,0.0,2.0
0,0.20124263601316406,0.0,0.19110785427330676,0.0,3.0
0,0.22077557430908604,0.23085282651072125,0.15830794848869206,0.06944444444444445,4.0
0,0.23810825874924266,0.2212562154048222,0.2038101285383894,0.2023809523809524,5.0
0,0.19603260179885565,0.22371929231462703,0.18069762950257603,0.07142857142857142,6.0
0,0.21634762051900788,0.1027336860670194,0.21536956065522517,0.030303030303030304,7.0
0,0.15205388342387313,0.2335232668566002,0.1646960399833963,0.052083333333333336,8.0
0,0.18554593294567168,0.135266215797825,0.17318304458334977,0.08928571428571429,9.0
0,0.1589906066527994,0.22699540998089093,0.18722903593894558,0.2668783068783069,10.0
0,0.1681450620561675,0.26381275770070334,0.1376857608923953,0.12655677655677658,11.0
0,0.16528959095684817,0.17425152856841664,0.14358828635926976,0.043859649122807015,12.0
0,0.17148810639843595,0.24458874458874458,0.19237596032117651,0.03968253968253968,13.0
0,0.1759936842145391,0.18805454330253865,0.16575424700789027,0.023809523809523808,14.0
0,0.13976349966851417,0.14469696969696969,0.13119944946935966,0.05555555555555555,15.0
