,cor_s,err_s,cor_a,err_a,Participant
0,0.10035211267605634,0.10321100917431193,0.1375,0.11363636363636363,0
0,0.12173913043478261,0.3333333333333333,0.18181818181818182,0.3125,1
0,0.17307692307692307,0.15463917525773196,0.17142857142857143,0.13157894736842105,2
0,0.2345679012345679,0.0,0.2857142857142857,0.0,3
0,0.11538461538461539,0.3333333333333333,0.21875,0.0,4
0,0.15467625899280577,0.13333333333333333,0.12698412698412698,0.25,5
0,0.1342685370741483,0.17647058823529413,0.12087912087912088,0.0,6
0,0.1392857142857143,0.19607843137254902,0.1262135922330097,0.38461538461538464,7
0,0.14093959731543623,0.14583333333333334,0.10144927536231885,0.18181818181818182,8
0,0.1259259259259259,0.09285714285714286,0.19626168224299065,0.18032786885245902,9
0,0.2413793103448276,0.0,0.08333333333333333,0.0,10
0,0.11746031746031746,0.1111111111111111,0.1016949152542373,0.0,11
0,0.10328638497652583,0.0,0.1794871794871795,0.0,12
0,0.14986376021798364,0.16049382716049382,0.19696969696969696,0.0,13
0,0.12955465587044535,0.18064516129032257,0.07407407407407407,0.1366120218579235,14
0,0.1746987951807229,0.2727272727272727,0.20930232558139536,0.0,15
0,0.1323529411764706,0.17372881355932204,0.1773049645390071,0.4,16
0,0.13279132791327913,0.21428571428571427,0.15846994535519127,0.0,17
0,0.1111111111111111,0.18421052631578946,0.2706766917293233,0.0,18
0,0.1640625,0.09375,0.168,0.0,19
0,0.09698996655518395,0.11428571428571428,0.14285714285714285,0.0,20
0,0.12943262411347517,0.13649025069637882,0.18873239436619718,0.08235294117647059,21
0,0.1504424778761062,0.0,0.18181818181818182,0.0,22
0,0.12727272727272726,0.06451612903225806,0.1476510067114094,0.2,23
0,0.18341708542713567,0.2545454545454545,0.1487603305785124,0.0,24
0,0.10488245931283906,0.1346153846153846,0.18128654970760233,0.0,25
0,0.16666666666666666,0.0,0.2608695652173913,0.0,26
0,0.17482517482517482,0.17142857142857143,0.18181818181818182,0.0,27
0,0.1412639405204461,0.17857142857142858,0.17525773195876287,0.21428571428571427,28
0,0.15481171548117154,0.2857142857142857,0.16355140186915887,0.3076923076923077,29
0,0.23243243243243245,0.2222222222222222,0.16521739130434782,0.0,30
0,0.13279678068410464,0.05555555555555555,0.1346938775510204,0.0,31
