,cor_s,err_s,cor_a,err_a,Participant
0,0.15894039735099338,0.14583333333333334,0.1694915254237288,0.30434782608695654,0
0,0.10526315789473684,0.10588235294117647,0.19014084507042253,0.2413793103448276,1
0,0.20121951219512196,0.2777777777777778,0.16201117318435754,0.23809523809523808,2
0,0.11578947368421053,0.13414634146341464,0.1695906432748538,0.1724137931034483,3
0,0.16312056737588654,0.16071428571428573,0.11695906432748537,0.13793103448275862,4
0,0.1317365269461078,0.21212121212121213,0.1016949152542373,0.21739130434782608,5
0,0.14383561643835616,0.12962962962962962,0.12994350282485875,0.30434782608695654,6
0,0.17177914110429449,0.1891891891891892,0.143646408839779,0.3157894736842105,7
0,0.1390728476821192,0.32653061224489793,0.13966480446927373,0.2857142857142857,8
0,0.1532258064516129,0.18666666666666668,0.16470588235294117,0.16666666666666666,9
0,0.12345679012345678,0.1891891891891892,0.15469613259668508,0.21052631578947367,10
0,0.12658227848101267,0.19047619047619047,0.1437125748502994,0.21212121212121213,11
0,0.1232876712328767,0.2830188679245283,0.20114942528735633,0.11538461538461539,12
0,0.12582781456953643,0.16666666666666666,0.1871345029239766,0.20689655172413793,13
0,0.10144927536231885,0.22950819672131148,0.15527950310559005,0.15384615384615385,14
0,0.14465408805031446,0.1951219512195122,0.20207253886010362,0.0,15
0,0.19863013698630136,0.24074074074074073,0.18620689655172415,0.2727272727272727,16
0,0.1724137931034483,0.15384615384615385,0.15760869565217392,0.1875,17
0,0.20994475138121546,0.3157894736842105,0.1853932584269663,0.2727272727272727,18
0,0.13274336283185842,0.19047619047619047,0.15,0.21666666666666667,19
